distance_from_base_(mm)	lateral_root_length_(mm)	order	averaged_diameter_(mm)
23.644927	10.532049	1	0.09524509
23.975592	9.818472	1	0.074077696
24.412603	16.179029	1	0.07557864
24.762247	16.046821	1	0.06349728
25.265	10.207664000000001	1	0.07408048
26.71885	7.948269	1	0.10382253
27.153864	9.066642	1	0.07856785999999999
27.346966	9.354129	1	0.080824755
27.636552000000002	6.532277	1	0.08700661
27.774112	8.2662666	1	0.05289981
27.846088	4.7373524	1	0.0634932
28.011105	9.672079700000001	1	0.12699159
28.387504	9.102542	1	0.074087265
28.389243999999998	8.92108	1	0.10341085
28.68516	10.25347	1	0.06516115
28.876147	9.058741300000001	1	0.07057252
29.174948	9.797879	1	0.09524658
29.602870000000003	10.236953	1	0.074088555
29.959128	7.417465	1	0.073710917
30.29455	11.689394	1	0.11470177999999999
30.520034	5.7822037	1	0.056473850000000006
31.355932000000003	7.854866400000001	1	0.07406855000000001
31.704144	8.30671	1	0.052656810000000005
31.822965	10.115169	1	0.07895775000000001
32.416472	7.5934446	1	0.061506475000000005
32.547104	9.308305	1	0.08465241
32.675736	9.857799400000001	1	0.07954299999999999
33.017678	9.35069	1	0.11641188
33.13455	10.97644	1	0.09524588
33.479757	8.821239	1	0.10583390999999999
33.607574	9.786366	1	0.09525017999999999
33.739479	11.051219000000001	1	0.08400964
34.4203	9.542979	1	0.08373924499999999
34.910483	10.472000999999999	1	0.063502104
35.093558	7.364841	1	0.08755845999999999
35.246868	23.513869	1	0.08700265649774182
35.34807	7.275089599999999	1	0.06823069999999999
35.634727	6.7653810000000005	1	0.0634985
35.823738999999996	9.930673	1	0.10582382
35.951571	8.991223	1	0.09520998
36.206875	8.024496	1	0.08317022
36.313233	9.444276	1	0.08924148999999999
36.795103999999995	9.660012	1	0.075280005
36.96073	11.368269	1	0.07406183
37.167003	10.310935	1	0.09417264
37.313697000000005	9.331335	1	0.08707102
37.396476	10.149984	1	0.09525518
37.859251	10.392133999999999	1	0.08820672
38.301632	9.1583246	1	0.13286335
38.362606	10.57577	1	0.08467248
38.453336	8.6909884	1	0.10356992000000001
38.58665	9.938220399999999	1	0.09525663000000001
39.063015	9.745916	1	0.08680619
39.549177	10.082724	1	0.09297279
39.64427	10.511308	1	0.092840595
40.19599	13.3168846	1	0.0748671908166715
40.429916	10.235553	1	0.07035764
40.677237999999996	11.130879	1	0.07395561
40.79097	10.121701000000002	1	0.06150285999999999
40.912337	11.956983999999999	1	0.08183927
40.94461	8.6961704	1	0.07407697399999999
41.63321	12.3789	1	0.045669833
42.11204000000001	8.0569255	1	0.11642057
42.26541	11.470217	1	0.09513615
42.52381	11.409020000000002	1	0.09554592
43.178816	25.355354	1	0.09025401542081676
43.503423000000005	10.411241	1	0.086534405
43.90934	13.1200056	1	0.07530341095051607
44.594969999999996	12.889057500000002	1	0.08494517030495054
45.494056	12.392313	1	0.08175412
45.565709999999996	11.000631	1	0.08782445
45.99639	11.758486999999999	1	0.07340391
46.76887	12.621458	1	0.12671957
46.98294	12.845203000000001	1	0.062825796
47.17116	12.008066	1	0.0870961
47.293853999999996	14.267094	1	0.074989893
47.302938	10.700282999999999	1	0.08036686
47.550054	12.977416999999999	1	0.066464394
47.865353	10.615482	1	0.10251740000000001
48.381157	3.8224924	1	0.07770384
48.513859999999994	8.352449	1	0.08442536
48.866124	12.196053	1	0.11837655000000001
48.979	13.128955	1	0.077835033
49.254837	10.867598999999998	1	0.09515326500000001
49.61458999999999	7.120951	1	0.07408464299999999
50.000057	12.513942	1	0.11002622000000001
50.20069	11.11534	1	0.08192045
50.34483	2.4901672	1	0.10165495
50.408297	9.529024	1	0.08466469000000001
50.98273	12.334814999999999	1	0.10647617
51.049886	10.246023	1	0.077008074
51.34619	12.409528000000002	1	0.13758315
51.640896999999995	11.194999000000001	1	0.0952211
51.84838	11.652031000000001	1	0.09263426
51.98263	12.305269000000001	1	0.052918424
52.10957	12.537614	1	0.09524389
52.435216999999994	10.241793	1	0.063499906
52.781566	11.309610000000001	1	0.07689660400000001
53.301565999999994	11.723398	1	0.09002415
53.381566	11.334385000000001	1	0.07997826
53.711566	10.329600000000001	1	0.09977606
53.881566	12.100352	1	0.08424597
54.171566	11.314209	1	0.09454213
54.801565999999994	10.482304	1	0.05241763
55.051941	13.680126999999999	1	0.08256153000000001
55.0948904	14.748756	1	0.09102126
55.210010499999996	13.722383	1	0.08154911000000001
55.37092	10.794652	1	0.08873974999999999
55.498804299999996	14.902940000000001	1	0.08846693
56.052645299999995	11.731696	1	0.07330228999999999
56.596564199999996	11.72244	1	0.06971981399999999
56.639852999999995	14.401535	1	0.07987131
57.271784	9.6106076	1	0.08236270000000001
57.29797799999999	10.761778	1	0.08195236
57.722079599999994	10.739791	1	0.09525743
57.837097	12.722982	1	0.077396343
58.177474	11.071389	1	0.055752867000000005
58.306366	5.595725	1	0.07714468000000001
58.614402999999996	11.288594	1	0.05828857
59.0088455	7.1694756	1	0.11007700000000001
59.31668859999999	11.748345	1	0.06259753
59.8547034	15.388354199999998	1	0.08803210400567386
60.110378	17.067971999999997	1	0.07304305464060007
60.766386999999995	19.708619	1	0.08640269453795074
60.87888699999999	16.8768424	1	0.07870573147034339
61.15867659999999	9.781901	1	0.07886633000000001
61.38501599999999	19.3791936	1	0.07999642078985206
61.91749899999999	14.827651000000001	1	0.0784409303810021
62.08722399999999	13.7292266	1	0.06469494983199703
62.563114	32.97986	1	0.16111179395667777
62.854324	13.0334286	1	0.07495542852665857
63.203525	21.6119827	1	0.08455012311881104
63.954685	7.017162	1	0.07405702
64.156081	17.669453400000002	1	0.07134378086004721
64.250472	25.650013	1	0.11917144157805536
64.736194	9.4309294	1	0.09525273000000001
65.05777599999999	13.4623733	1	0.07415682467582979
65.128028	10.984077300000001	1	0.0627092359582817
65.46381	9.334078	1	0.0722682
65.498497	12.9303044	1	0.15576674376622998
65.737307	5.852726700000001	1	0.07958678999999999
66.229097	8.253127	1	0.07408406000000001
66.29647299999999	10.186758000000001	1	0.20125004
67.15740199999999	10.249931	1	0.08222369
67.313143	10.077012	1	0.10282938999999999
68.052251	8.3796453	1	0.065745343
68.052398	7.9538256	1	0.11761679
68.84355199999999	9.367267	1	0.051756594
69.271031	6.8475395	1	0.06644193500000001
69.380274	9.321942	1	0.09187851
69.58430899999999	9.123702	1	0.09526215500000002
70.23383199999999	6.799041	1	0.09156513999999999
70.550299	6.4503319999999995	1	0.10303924
70.892102	7.778619	1	0.09523477000000001
71.282506	8.225884	1	0.08893224
71.443195	7.3893830000000005	1	0.08549625999999999
71.86265599999999	6.885035	1	0.05843378
72.677467	7.048731	1	0.072599435
72.957196	6.137022399999999	1	0.08727307000000001
73.16131899999999	9.562180999999999	1	0.09448178
73.206535	5.804498000000001	1	0.09527333
73.373536	8.4902936	1	0.08695127999999999
73.755406	6.9688106	1	0.0704157
74.74563599999999	4.833127	1	0.08389407
75.022941	7.524262	1	0.076326597
75.213662	4.176882	1	0.08579517
75.67835099999999	4.7160116	1	0.062551475
75.890632	4.8906305	1	0.08339528
76.910091	2.2523105	1	0.09523324
76.947222	3.9031255	1	0.070369192
77.190245	1.6098394999999999	1	0.13490487
77.598196	1.7816639	1	0.07725702
78.481886	1.2108515	1	0.09526545
78.611566	0.35205934	1	0.06300773
79.0375	0.27575292	1	0.10433316999999999
79.0375	8.791791	1	0.062693213
79.66589225	8.282636	1	0.08340111
80.2764744	8.086135	1	0.1519507
80.6075154	7.885209	1	0.08409111
80.79627839999999	9.436006500000001	1	0.087621715
81.16915859999999	7.306551	1	0.134677645
81.81482249999999	7.425088	1	0.11651016
82.1826976	9.010785	1	0.10213028
82.35851459999999	9.5281845	1	0.07511032299999999
83.4939563	9.334286	1	0.08714206000000001
83.6273435	9.369696	1	0.09505279999999999
83.7937647	8.475062	1	0.064246473
84.6663856	8.4488213	1	0.073107914
85.2833843	7.54362	1	0.07413585
85.319096	9.267402	1	0.11845755
85.623966	9.501771	1	0.09648389
85.83876799999999	6.873138	1	0.05391364
86.266943	7.493425	1	0.1165344
86.7394745	9.0417266	1	0.0928416
87.00623999999999	6.9404316	1	0.08408238999999999
87.27937499999999	7.905069	1	0.08462829
87.86859749999999	5.3966314	1	0.09064999000000001
88.0485636	9.005136	1	0.0802609
88.296419	7.408335	1	0.056149694
88.3089304	5.918261	1	0.06560991000000001
88.4173447	6.605143	1	0.074169505
88.6816865	6.030425	1	0.10592087
89.52239	6.461458	1	0.09318705
89.611431	6.913380999999999	1	0.10094525
90.335317	6.687469	1	0.08216609999999999
90.49214099999999	9.8927592	1	0.11442658399226052
91.056834	9.5386147	1	0.13423032780430696
91.10243	7.4753624	1	0.16416164
91.853421	7.527113600000001	1	0.08841151
91.93909599999999	7.5352824	1	0.112702055
92.73783	7.5323653	1	0.13051068000000002
92.852424	7.10717	1	0.08263659
93.33107899999999	5.515121	1	0.0700602
93.55949199999999	7.5776106	1	0.077131744
94.139411	6.128961400000001	1	0.09460578
94.16617299999999	6.1005473	1	0.12711083
94.35221	5.5335534	1	0.0882027
94.622275	3.9260200000000003	1	0.095350435
95.02671199999999	5.467027399999999	1	0.09652264
95.12253199999999	3.4826289999999998	1	0.07414081
95.930848	5.6890464	1	0.08570583999999999
96.827428	5.510449400000001	1	0.09961704
97.266521	5.168691	1	0.08447716
97.33042499999999	4.8487905	1	0.07079089999999999
98.08550799999999	5.6345849999999995	1	0.11652317000000001
98.34159799999999	4.4148666	1	0.09270844
98.71729199999999	4.201909	1	0.073990137
98.76639999999999	4.481829	1	0.10232899000000001
98.911418	3.646117	1	0.09311178
99.143732	3.1864809999999997	1	0.13772278000000002
99.554065	3.2549608	1	0.09683617
100.29763499999999	3.319264	1	0.11269177
100.350383	3.5994142	1	0.08370725000000001
100.75121499999999	3.213453	1	0.09536098
101.68991399999999	2.3277786000000003	1	0.144939255
102.16458	1.9720519	1	0.10371808999999999
102.89360599999999	2.8909380000000002	1	0.09795764
103.48908499999999	3.212233	1	0.11116663
103.93114399999999	1.8487453	1	0.09908639
104.387239	2.4845167000000004	1	0.12709809
104.569328	2.8309732999999997	1	0.15989047
105.596238	2.0868964	1	0.13379788
105.597618	2.1615387	1	0.09794295
106.16163499999999	0.5760102300000001	1	0.11523647999999999
106.55075	0.8420316	1	0.13774718
106.719895	1.0650799	1	0.15247426
106.978756	0.9039919000000001	1	0.11650905
107.682362	0.73891	1	0.09275351
107.89978299999999	0.3062718	1	0.062418854999999995
107.993184	0.31585004	1	0.09293239
144.543577	0.0	1	0.5147690856551066
