distance_from_base_(mm)	lateral_root_length_(mm)	order	averaged_diameter_(mm)
35.516274	7.975295	1	0.13068095
36.65717	6.5601104	1	0.08474252
37.99277	3.6750758	1	0.07165310999999999
38.446422	4.7819752	1	0.09959599
38.867378	4.8236677	1	0.10560882
39.158637999999996	4.9493584	1	0.09183243
39.521093	4.3137327	1	0.08794667
39.881551	4.9900588	1	0.08706515
39.89662	5.4450829999999995	1	0.08467928499999999
40.35373	5.683147	1	0.10127248999999999
40.470777	3.4832072	1	0.09595456000000001
40.830374000000006	5.799809700000001	1	0.10698684
40.83252	4.9194273	1	0.12282918000000001
40.914693	4.9965285999999995	1	0.08647384
41.0258	2.1897124000000003	1	0.052923939999999996
41.193960000000004	5.021208499999999	1	0.11692941
41.432548000000004	4.5166937	1	0.08014897
41.653123	4.2845264	1	0.06768510999999999
42.380750000000006	4.9712172	1	0.09875238
43.528859999999995	4.8379135	1	0.08388393
43.950386	4.5755255	1	0.08847805
44.67541	4.1957346	1	0.08593524
44.77833699999999	4.3410978	1	0.08471581
45.069829999999996	4.050326	1	0.11970603999999999
45.37247	4.4452083	1	0.09665595
45.69185	5.270218	1	0.1069263
46.5595	4.3757415	1	0.073183673
47.000117	4.456696	1	0.10592793
47.43853	4.6984753	1	0.08014454500000001
47.845890000000004	3.3071378	1	0.07557954
49.10586000000001	4.151393199999999	1	0.09711002999999999
50.141425	4.3556875	1	0.0713567
50.2627	4.0440843	1	0.06502762
50.48261	2.1731235	1	0.073183905
50.488777	4.0761579999999995	1	0.08843229
50.958543	5.585779	1	0.063561755
51.82015	3.4124207	1	0.09950758000000001
52.20427	3.9825064	1	0.09307567
52.423425	2.9264528	1	0.072454554
52.932787000000005	3.2260546000000003	1	0.08345034
53.200383	3.7200314	1	0.07838423
53.268986	3.6191276	1	0.086252205
53.713737	4.0632027	1	0.10231515
54.06323999999999	3.5788864	1	0.08129837
54.108523999999996	3.265567	1	0.07980041
54.365954	3.8197818	1	0.07415772
54.52921	3.4914938	1	0.08239188
54.76935	3.753753	1	0.08509022999999999
55.405955000000006	3.1739727	1	0.073537696
55.52032	3.0641937	1	0.071744625
55.956149999999994	3.2365876	1	0.0950937
56.46742	3.2240173	1	0.10168954
56.88599	2.7707216	1	0.08960351999999999
56.96555	2.6425856	1	0.08985586000000001
57.12956	3.5456060000000003	1	0.09660368000000001
57.965489999999996	3.2532886	1	0.10024736
58.221087000000004	3.1035084	1	0.10525779
58.746467	1.2226296	1	0.05296955
58.762894	3.2181710000000003	1	0.09534505
58.84144	2.4792562	1	0.06355948
59.501414	0.8200222	1	0.10433527999999999
59.859505000000006	3.0050895	1	0.09417574999999999
60.11872	1.0526337	1	0.10486079000000001
60.24616	1.8265129999999998	1	0.10062139499999999
60.708766	1.9898576000000001	1	0.10993818000000001
62.4721085	2.4405877	1	0.09105499
62.597673	2.8179412999999998	1	0.11273564999999999
63.018429399999995	1.3253165999999998	1	0.11637857
63.9477426	2.668352	1	0.09702364999999999
64.063402	1.979299	1	0.0952241
64.2821992	2.2404249000000003	1	0.11473917
64.7751993	2.0920113000000002	1	0.09015736999999999
65.106996	1.17825724	1	0.11650622
65.3203127	1.9502971999999998	1	0.12152270999999999
65.83476999999999	1.1643584	1	0.11651852000000001
66.5341205	1.3530369	1	0.12588505
66.8715036	1.7654999	1	0.04943387
67.6835483	1.359127	1	0.08474929
67.732582	1.6838471999999998	1	0.08474702
67.86026199999999	1.6312916999999998	1	0.063561206
68.0918455	1.7588268	1	0.06355557
69.1285175	0.8301802	1	0.06529907700000001
69.634353	1.2967084	1	0.06355498
70.191453	0.8312321	1	0.099276295
70.655717	0.8255714000000001	1	0.08139351
71.047188	0.37914213	1	0.115297185
71.964401	0.33807296	1	0.042372520000000004
72.993766	0.28103644	1	0.08317738
73.52998	0.21945546999999999	1	0.1129067
75.114426	0.23125078999999998	1	0.09933703
117.884207	0.0	1	0.5447311506395323
