distance_from_base_(mm)	lateral_root_length_(mm)	order	averaged_diameter_(mm)
14.814638	2.5375115999999998	1	0.18493831
15.418402	1.0774644	1	0.08553316
16.588278000000003	1.6737618	1	0.09500747000000001
16.911538	1.4814283000000001	1	0.10846389999999999
17.007319000000003	1.338145	1	0.088888295
17.87138	1.9205283	1	0.070653274
18.303324	4.4702956	1	0.09726212449820143
19.268594	7.3467675	1	0.11328092827511257
19.555242	2.9479197	1	0.10427966
19.641405	6.7019298	1	0.09130940509974961
19.82902	0.8236725	1	0.11637652999999999
20.193028	8.5645473	1	0.1860852640645828
20.348117000000002	2.6329887000000003	1	0.07276737
20.413795	1.7108153000000001	1	0.056415629999999994
20.556748	1.4647274	1	0.09169995
20.72553	1.3118893	1	0.10284348
20.729210000000002	2.5179085	1	0.06311427
21.61975	4.175641000000001	1	0.08930832782625708
21.967742	4.2127102999999995	1	0.08314218999999999
22.02664	2.0723066	1	0.067014755
22.112045000000002	1.13356836	1	0.086754365
22.149868	1.9298788999999998	1	0.09516252
22.174678	1.0772699	1	0.06827322
22.369645	4.9635964999999995	1	0.0911803166899761
22.518709	0.9010513	1	0.063497755
22.561772	3.348365	1	0.07831669
23.599999999999998	3.2350937	1	0.09005123000000001
23.811683	2.7603328	1	0.10342357999999999
24.2920045	3.5904455000000004	1	0.1019622
24.3157326	1.7251788000000001	1	0.09641919
24.3213681	2.4523626000000003	1	0.09570690999999999
24.3443344	0.7475595	1	0.11006158
24.4170397	2.412553	1	0.13758257
24.4585488	3.083989	1	0.11523232
24.45969874	2.2296049	1	0.105813425
24.4636287	3.1436056	1	0.09657235
24.4930919	3.8008592	1	0.20632159
24.511683	2.3084505	1	0.09831145
25.521683	1.3442497	1	0.11639605
25.651683	2.3838806000000003	1	0.09379496
26.821683	4.4079596	1	0.09935885
27.041683	1.2437462000000001	1	0.11866025000000001
27.471683	4.365559	1	0.08290095
27.491683000000002	0.9312171	1	0.09185156
28.0920915	2.1788424	1	0.124969855
28.969603799999998	2.1647184	1	0.10499135
29.079603799999997	3.8434913999999996	1	0.10823901
29.1796038	2.5877115	1	0.09504406
29.399603799999998	2.1495563	1	0.09285242
29.629911	2.704478	1	0.1074166
30.006614399999997	3.2121158	1	0.10843976999999999
30.2495867	3.9855405999999998	1	0.15448109999999998
31.040460999999997	3.2715902000000003	1	0.127003845
31.0405077	1.8047068999999998	1	0.075997845
31.1008504	8.00608	1	0.18357504
31.4926891	2.0250048	1	0.107610645
32.363861	1.8972023	1	0.10183948
32.523281999999995	3.8178435	1	0.150811635
32.572375099999995	1.8546930000000001	1	0.09849795
32.757756799999996	2.3097491	1	0.10013621
32.8222744	3.4329304	1	0.10358964999999999
33.7180688	7.8206116	1	0.22923265
34.549729799999994	9.203973	1	0.18695887
34.7451274	1.5344234	1	0.07347332
35.2266793	1.6893954999999998	1	0.121548865
36.2993471	1.816962	1	0.13922983
36.5838258	1.8968512000000002	1	0.09915488
36.906335799999994	1.5377851	1	0.06350309
37.261913199999995	2.0033984	1	0.10195092
37.4249921	2.0414804	1	0.10982834
37.5814818	1.7552325	1	0.15874716
37.6695698	1.9279402	1	0.10671781
37.7548198	2.051308	1	0.105829155
38.4935818	2.3135857	1	0.08955113
38.5724084	1.8493249999999999	1	0.050975163000000004
38.729866799999996	1.9442903999999999	1	0.10936023
38.8172188	1.2214202	1	0.074473806
39.0828718	1.7792329000000002	1	0.07409135
39.5480458	2.4500114	1	0.073719067
39.9379608	2.766822	1	0.077541275
39.9655408	1.6715548999999998	1	0.06301953
40.0465758	1.7778526000000001	1	0.12507245
40.073011799999996	1.82417	1	0.08996722
40.5296038	2.1659864	1	0.09013735
40.6296038	1.646915	1	0.08218442
41.168472799999996	2.5630713	1	0.11305897000000001
41.2984728	2.4298623	1	0.11403769
41.348472799999996	1.744384	1	0.10094154
41.7384728	2.7180722	1	0.10469964999999999
41.858472799999994	2.3473553	1	0.09284479999999999
42.1284728	1.5971011	1	0.073259766
42.574862499999995	9.16313	1	0.21016784
42.6794976	2.7942020000000003	1	0.06873643
42.9055859	1.9678488	1	0.08339439500000001
42.964869099999994	1.5265503999999999	1	0.09630081
43.284217399999996	1.6303422	1	0.11430892999999999
43.428173	2.1234725	1	0.102369
43.598117599999995	1.663569	1	0.09509804
43.8381184	2.4824055	1	0.09691491999999999
44.358894299999996	3.148269	1	0.11183834000000001
44.536963799999995	1.10852666	1	0.16032564
44.851451	1.6975011000000002	1	0.08845866000000001
44.891043999999994	3.0088374	1	0.09789368999999999
44.910604799999994	2.2264881	1	0.08705289999999999
44.9968138	1.6117214999999998	1	0.10936444000000001
45.256766199999994	0.84475964	1	0.12438977000000001
45.7877888	5.806061	1	0.22792436
45.956011499999995	2.249787	1	0.10194884
46.093156199999996	2.3296988	1	0.11591217
46.3065578	2.8362688	1	0.10147708
46.4666438	5.7130665	1	0.12040927
46.5945598	0.5761395	1	0.13760176500000001
46.8674538	2.1611623	1	0.09997149999999999
47.043700799999996	3.2871842	1	0.113655
47.3719854	1.2211205	1	0.13412531
47.636657799999995	2.0376924	1	0.09052220999999999
47.7977978	3.1695998	1	0.10548937
48.2740678	1.2349188	1	0.13716321
48.316373799999994	1.8479566	1	0.1234673
49.1346888	0.67196056	1	0.20108476
49.235247799999996	0.744268	1	0.16912024
49.383609799999995	2.2076207	1	0.11641637999999999
49.4942595	2.5286530000000003	1	0.11061714
50.2850408	2.662318	1	0.068750954
50.606747799999994	2.1693493	1	0.09403900999999999
50.685468799999995	2.5447828	1	0.105253495
52.0079558	1.0583892000000001	1	0.11376077
52.023376799999994	2.2874476	1	0.052918876
52.0652778	2.5414031999999995	1	0.14287828
52.4375998	1.65898	1	0.09043701
52.5402938	3.611837	1	0.24342773
53.170068799999996	1.3583608	1	0.11490419
53.2333378	1.11943655	1	0.07406544999999999
53.528472799999996	1.9763409	1	0.11035170999999999
53.6379038	1.04407705	1	0.11367327999999999
54.238084799999996	1.6992626999999998	1	0.10219425000000001
55.4958258	1.0891586	1	0.09471407
56.35479594	1.067385	1	0.12448982
57.4056184	1.0156666	1	0.19563323
58.6107361	0.590214	1	0.05292278
59.034444	1.2134776999999999	1	0.0634932
66.5778438	1.1855901	1	0.07044858
66.9552738	0.57777952	1	0.10443711
67.3311878	0.8642394	1	0.10551552
67.6231798	0.32157009999999997	1	0.10041818
68.0561088	0.6700514000000001	1	0.072299573
68.3493138	1.0789962	1	0.09823059
69.8882378	0.21695076000000002	1	0.13561863000000002
75.3823868	0.0	1	0.624992801253851
