distance_from_base_(mm)	lateral_root_length_(mm)	order	averaged_diameter_(mm)
14.448999	25.755020000000002	1	0.28739259
16.152424	4.6623966	1	0.07534650000000001
19.088099	2.885164	1	0.09796347999999999
19.125252	4.0531749999999995	1	0.104516465
20.583632	5.114016	1	0.10940556000000001
21.592398	4.448568	1	0.076392344
21.78237	2.6958874	1	0.08239125
22.27361	3.5729800000000003	1	0.074462523
22.372475	18.973316	1	0.225274
22.70585	2.7888770000000003	1	0.08372695
22.873049	4.9601087	1	0.08932716
23.30485	4.545371	1	0.076230858
23.420668	3.9328027	1	0.08401937999999999
23.541973	3.9001375	1	0.09746062
23.59959	4.7668086999999995	1	0.08871532
23.8692	5.348315	1	0.09523573
24.408542999999998	4.1929483	1	0.07916454
24.888507999999998	4.1438052	1	0.09379223
25.017858	5.279503	1	0.09233435
25.339606	4.5392665	1	0.069639827
25.4885	4.4846743	1	0.074060652
25.518932	4.2361602	1	0.08537154999999999
25.556649999999998	5.602949000000001	1	0.09898819
25.724201	5.8149695	1	0.10582968999999999
25.907702	12.94701	1	0.1848431
26.090715000000003	5.2134395	1	0.10091954
26.640544	3.3053675	1	0.09524188
27.142599999999998	52.373141000000004	1	0.25153834271239084
27.181810999999996	5.0384085999999995	1	0.09416901
27.198929999999997	4.8063642	1	0.10961614
27.632362999999998	4.2245232999999995	1	0.10582426
27.9393	4.6656868000000005	1	0.0930214
28.59547	3.9779672	1	0.15876089999999998
28.724418	4.9724248	1	0.0839915
28.988149999999997	3.8428193	1	0.13229621
29.032125	3.4279335	1	0.09513926
29.088843	1.8807787	1	0.06332755600000001
29.169885999999998	3.2286522	1	0.07408977
29.21695	3.9534700000000003	1	0.10633092
29.316184999999997	4.6489832	1	0.075483155
29.741137000000002	5.3363484	1	0.11620712999999999
30.162209999999998	2.96255	1	0.08097784999999999
30.254176	7.2449770000000004	1	0.09659918
30.38285	3.2726276	1	0.09029008999999999
30.46593	4.6598923	1	0.06627390999999999
30.668733000000003	5.1223445000000005	1	0.10373238
30.894718	5.195663000000001	1	0.11186571
31.04795	4.2509437	1	0.10383903
31.268554	4.3812737	1	0.09058956
31.841333	4.4588357	1	0.10940107500000001
31.932779999999998	4.0161747	1	0.11269934000000001
32.058835	4.9262255	1	0.09255154
32.118556	4.3994355	1	0.10293023
32.210875	3.7579578000000002	1	0.08029883
33.04533	3.298566	1	0.08916059500000001
33.132505	4.978455	1	0.10217878
33.317482	6.091274	1	0.10591787
33.871036000000004	3.7406257	1	0.11443965
34.007564	4.6759070000000005	1	0.075964998
34.272294	5.187364	1	0.09524205000000001
34.334588	4.1416332	1	0.09789347000000001
34.3408	4.9123138	1	0.10051499
34.830337	4.674506	1	0.057895626
34.87715	4.9355468	1	0.1160074
35.368273	3.2200659999999997	1	0.07467477
35.396652	4.1678688	1	0.0886565
35.500982	5.147846	1	0.10844658
35.83385	4.2147747	1	0.11492891
36.138494	5.096997	1	0.1047344
36.38959	4.2704052	1	0.10584034
36.442819	4.911348	1	0.072230115
36.453078	5.389992599999999	1	0.12767125000000001
36.63648	4.3369043000000005	1	0.09950722000000001
37.156646	3.9667037	1	0.12262392999999999
37.165937	4.693632	1	0.09410829000000001
37.67844	10.148984500000001	1	0.09634820893780802
37.911692	4.102163	1	0.09025857999999999
38.203495	8.3250338	1	0.10284317658238948
38.2044	4.5938465	1	0.07829732
38.34173	4.180766	1	0.11625633999999999
38.3923	37.8535122	1	0.23904531495951895
38.59562	3.4466064000000003	1	0.09525762
38.708706	4.3492885999999995	1	0.07044563000000001
38.817928	4.4324404	1	0.12169508000000001
39.259174	4.6474248000000005	1	0.11034735500000001
39.50141	2.8904688	1	0.07960534999999999
39.564620000000005	4.1050577	1	0.09791227
40.003060000000005	4.4748792	1	0.09525395
40.16745	9.9834812	1	0.12942914233742875
40.471289999999996	4.0145674	1	0.074074655
40.530314000000004	3.8501906000000004	1	0.09511850000000001
40.891695	4.677103799999999	1	0.10464976000000001
41.235609999999994	4.5113894	1	0.09191657
41.240897	7.6288787000000005	1	0.09308548386949354
41.30573	3.8226512	1	0.070933728
41.496897	8.8880441	1	0.09957106220053813
41.692953	3.2385668	1	0.08599943
42.160788	34.1639995	1	0.2601623345209642
43.41476	0.809912	1	0.05292975999999999
43.48505	4.378044	1	0.1962463
43.602104	2.7312598	1	0.08698421499999999
43.664759999999994	4.0230864	1	0.09540915999999999
43.80988000000001	4.3459424	1	0.09723145000000001
44.75658	0.6738967	1	0.08074714
44.789176	3.0518994	1	0.09506845
44.908013000000004	3.596987	1	0.2372578
45.01766	3.702861	1	0.08370467
45.275983999999994	3.2410863	1	0.11554424
45.42579	1.9388941000000002	1	0.11641896
45.558505	2.557327	1	0.11746269000000001
45.646744000000005	4.4676328	1	0.08949142
45.85602	33.2147984	1	0.27050384875288147
46.2433	0.9931977000000001	1	0.09521323999999999
46.4133	0.956068	1	0.18340794
46.5633	1.0491008	1	0.07629246
46.933299999999996	0.53754807	1	0.09461945
47.0	2.4340867999999998	1	0.07743868
47.35331	3.9270973	1	0.0846727
47.39331	23.909481	1	0.2248072629563469
47.52331	4.8847458	1	0.0872271
47.74331	4.1990906	1	0.09524569
47.8310904	7.062409100000001	1	0.10390563910359768
47.89795845	4.1050544	1	0.09625333
47.9324855	4.4497055	1	0.10018215999999999
47.97473646	7.279749700000001	1	0.07559871511308006
47.9905071	4.3947554	1	0.08503146
48.0036196	4.4512698	1	0.09789413
48.016901499999996	2.8347949999999997	1	0.073991837
48.020817	4.6171907	1	0.08882926
48.02324436	4.4955823	1	0.1016421
48.069018039999996	10.0562875	1	0.09753408158612212
48.0921367	26.385299000000003	1	0.25915605927798013
48.1235488	3.4391376	1	0.09120829
48.1337819	4.8090896	1	0.11403709
48.154446549999996	4.6812838	1	0.07408591
48.156038099999996	21.229431399999996	1	0.19143520319072252
48.1704758	2.8241146	1	0.0635129
48.173286	4.8208135	1	0.12051973
48.3351837	2.4710141	1	0.10115582
48.3658773	4.4479352	1	0.08860649
49.6026843	18.003459	1	0.19740685378040423
49.6085865	3.838067	1	0.08583650999999999
49.6974436	4.6050695	1	0.09716462000000001
49.7438484	1.7229062000000002	1	0.12888822
50.44331	6.695417000000001	1	0.15066917239415614
50.72331	4.9196038	1	0.09894435
50.82331	2.6768389999999997	1	0.08227788999999999
51.093379999999996	2.8362703	1	0.12939651
51.2587964	6.4022722000000005	1	0.0754287281395559
51.3176658	5.739088000000001	1	0.08170495765425168
51.3316005	4.0110308	1	0.10607342
51.6047903	4.320748200000001	1	0.08464892
52.48331	4.518394	1	0.2857192
52.848248	3.2032767	1	0.14816066
52.900014399999996	4.8525327	1	0.1150089
52.932515699999996	16.2610258	1	0.1725875672180826
53.0676805	4.3525892	1	0.10174430999999999
53.069096	17.385285	1	0.18385219647548948
53.0775	2.4343657	1	0.11465398
53.099293	4.1802907000000005	1	0.1099459
53.35828	11.782014499999999	1	0.1593134017351103
53.78331	2.7971038	1	0.11641146999999999
54.03331	3.296356	1	0.11639136
54.5502185	2.261878	1	0.27523277
54.604048	2.2165112000000002	1	0.16642247999999998
55.651065	1.8526003	1	0.128027
55.697824	1.08346336	1	0.15876843000000002
55.895759999999996	5.8412567	1	0.14684493551959701
56.6338515	12.722794700000001	1	0.3431867626214213
56.7338515	8.4904937	1	0.12175593037004398
57.2748205	12.2776333	1	0.13013564182718781
57.3720789	8.096294199999999	1	0.11631550306495385
57.4468793	8.234831400000001	1	0.10732260644834385
57.723064199999996	9.9988837	1	0.12600908551288031
57.900925	10.249985500000001	1	0.2205590915422641
57.952875199999994	10.0418293	1	0.16230699461065515
58.503170299999994	10.808401400000001	1	0.11912442686090248
58.5904952	5.655181499999999	1	0.13594764689880848
58.636701099999996	13.312017399999998	1	0.19091589237634565
58.9599895	9.7071833	1	0.27120714281495323
60.0055488	7.0306611	1	0.21711568895157612
60.7133927	7.114879999999999	1	0.27361082746376203
61.444658499999996	5.4664885000000005	1	0.14600207764309794
62.9987985	4.3808129000000005	1	0.08499481661673544
63.4699022	4.7835407	1	0.10191103757515976
63.4836512	7.467989899999999	1	0.12459580555367235
63.5617142	3.3527379	1	0.10181883158641927
64.0519825	2.6831144	1	0.11368320887123112
64.19036609999999	2.24837224	1	0.10475531176414286
64.9474595	3.3430594000000005	1	0.08987979
65.01745949999999	3.3093038000000004	1	0.0718428
65.44387545999999	2.5583568000000003	1	0.0828867
65.74517789999999	6.3502586	1	0.21802628000000002
65.82587983999998	2.832804	1	0.09130667
65.83072049999998	2.9081257999999996	1	0.08466871000000001
65.86123799999999	0.94326355	1	0.10533043
65.94637639999999	1.20472066	1	0.15817944
65.95150009999999	7.328900000000001	1	0.22121085
66.0657622	2.4410582	1	0.084630735
66.238925	2.3093668000000003	1	0.10561854000000001
68.56682649999999	3.2908967000000002	1	0.09243606
77.86652149999999	0.0	1	0.7597952882808531
4.1677326	2.0445593	1-1	0.072607156
4.297341	1.7270045	1-1	0.067030364
4.4416398	1.0001007	1-1	0.08466422
4.9251223	1.952827	1-1	0.06763309
4.9550536	1.7226395	1-1	0.11641394
5.4508233	1.8891853	1-1	0.042027524
5.699891	1.5184516000000001	1-1	0.057128705
6.217912	2.3192193999999997	1-1	0.06445087000000001
6.335399000000001	1.9173889	1-1	0.075132474
6.5828942999999995	1.9730526000000002	1-1	0.06348520499999999
7.718908	2.2241600999999998	1-1	0.06332683
8.265915	1.5625307999999998	1-1	0.074090753
8.601320999999999	0.781126	1-1	0.08467509
8.624671000000001	1.8055146999999998	1-1	0.08339163999999999
8.675583	2.0102328	1-1	0.061946404
8.708815600000001	1.2282226	1-1	0.056148544
9.4339323	0.8497257	1-1	0.058208293999999994
9.6112585	1.24521285	1-1	0.07359006
9.7045505	1.7460555	1-1	0.073324325
10.063555	0.9839015	1-1	0.07408132
11.191671999999999	1.5097608	1-1	0.08109867999999999
11.337796	1.2788314	1-1	0.074674375
11.837845	1.0379388999999999	1-1	0.076690377
12.082573	0.9769983	1-1	0.087677315
12.937583	0.8804639400000001	1-1	0.09514547
13.821152000000001	1.058936	1-1	0.06501722
13.962276	1.04234934	1-1	0.08960394999999999
14.222504	0.80521025	1-1	0.07389226
14.499508	0.7802201	1-1	0.07744664
14.742016	1.1987462	1-1	0.06704083
14.973650999999998	1.074036	1-1	0.070132893
15.437596	0.4268948	1-1	0.09626165
15.655949	0.53991638	1-1	0.06697080999999999
16.036756	0.56726135	1-1	0.09300195
16.182292	0.4700055	1-1	0.07369647
16.858915	0.60189463	1-1	0.07408308300000001
17.194318	0.5232909	1-1	0.07926499000000001
17.490673	0.48667505	1-1	0.10048746
18.180497	0.34394953	1-1	0.08408737
18.214858	0.29356653	1-1	0.11641855
25.755020000000002	0.0	1-1	0.11641855
0.5271497700000001	1.9850652	1-9	0.08238573
1.06924035	1.9931367	1-9	0.08206061
1.5230666000000002	0.709962	1-9	0.10436648999999999
1.9292085	0.8654991	1-9	0.062030640000000005
1.9909407000000001	1.7265652	1-9	0.09083681999999998
2.1831088000000003	1.2600833	1-9	0.07408613
3.1529835	1.9298847	1-9	0.08255636999999999
3.3730048000000004	0.5122818	1-9	0.07082952
3.4576531999999998	0.5799169	1-9	0.07886383
3.8842096999999995	0.22343724999999998	1-9	0.073873354
5.899794	1.3135584	1-9	0.07243468
6.548086400000001	1.1392731	1-9	0.05291900000000001
6.9518733	1.3798027	1-9	0.071161273
8.107598	0.9433864999999999	1-9	0.066635786
8.498542	0.44926777	1-9	0.06350211
8.84211	0.7441624	1-9	0.094991205
8.9982057	0.26563453000000004	1-9	0.063493196
9.94224	0.4406177	1-9	0.06717417
18.973316	0.0	1-9	0.06717417
0.0	2.0217925	1-25	0.052915458
1.4138676000000001	1.00875236	1-25	0.063463864
1.4458081	1.8488400999999999	1-25	0.08951815
1.8310371	2.0997654	1-25	0.08650421999999999
2.2004122	1.0626252	1-25	0.067526475
2.6842228	1.4651304	1-25	0.08028957
3.0376062	1.692962	1-25	0.067134555
3.6571473	1.21559225	1-25	0.073527414
3.8527554000000004	2.5701402	1-25	0.09073179638298837
4.0119147	2.7773867	1-25	0.10344002759840788
4.309289	2.09960965	1-25	0.0772847771627562
4.8852453	1.96544995	1-25	0.09673971789766002
5.1689595	1.9870976	1-25	0.12177457769543046
5.71383	2.0610729	1-25	0.08822005991439315
6.421671	1.00022562	1-25	0.08758569792753539
6.8167290000000005	1.37418724	1-25	0.09669506880347342
7.447058	1.0816417999999999	1-25	0.05488052200841161
7.631354	0.73848844	1-25	0.07420343614680955
12.94701	0.0	1-25	0.07420343614680955
1.0995515	2.8581324	1-28	0.072527216
1.1476686	1.8480323	1-28	0.07936119999999999
2.1752945	0.58288354	1-28	0.072546736
3.311297	0.85609585	1-28	0.08722299
3.5163105	2.0825683	1-28	0.08196481
3.8945583	0.9286181	1-28	0.08176301999999999
4.3122554	1.6511135	1-28	0.073025655
4.4465593	1.2581281	1-28	0.07524072
5.036912	1.2697033999999998	1-28	0.039515966
5.1820105000000005	1.6108152	1-28	0.07387502
5.824967	1.7718995000000002	1-28	0.0664055
6.6700099999999996	0.69633305	1-28	0.07408924
7.166624700000001	1.0272811	1-28	0.10319429
7.6617706	1.034404	1-28	0.09067547000000001
7.9458547	0.7454620000000001	1-28	0.07408827
8.3685297	0.60143914	1-28	0.077621914
8.563398	0.4251726	1-28	0.07130281
8.7768495	0.476663	1-28	0.07937306
9.1949296	0.44624712	1-28	0.052921786
9.877917	0.27095191	1-28	0.06342362
52.373141000000004	0.0	1-28	0.06342362
0.6387079499999999	1.2577513000000002	1-98	0.11640811
1.1282343	0.9851861000000001	1-98	0.074105407
3.0001688	0.33957545	1-98	0.09385872
4.2489186	0.31006100000000003	1-98	0.08343257
6.908226000000001	0.4338422	1-98	0.063376236
34.1639995	0.0	1-98	0.063376236
