distance_from_base_(mm)	lateral_root_length_(mm)	order	averaged_diameter_(mm)
37.582238000000004	13.187869000000001	1	0.07406788
38.13282	13.105326	1	0.06356142000000001
38.303912000000004	11.871874	1	0.08484111000000001
38.378663	13.723437999999998	1	0.06090762
38.593392	18.856331	1	0.051317634
38.911176	17.192447	1	0.11621604
38.915856	17.869128	1	0.0370505
39.140947000000004	12.808436	1	0.05295385
39.373815	9.433095999999999	1	0.06356515
39.456005	7.503645	1	0.08474076
39.589205	15.719981	1	0.08160683
39.956641	7.982809	1	0.066505037
40.178394	10.217811999999999	1	0.068211732
40.401439999999994	12.217319	1	0.052961204
40.52519	19.917674	1	0.08787276999999999
40.78304	13.641252999999999	1	0.09533727
40.962959999999995	12.308795	1	0.08034375999999999
41.19606	11.244510000000002	1	0.08463543000000001
41.29613	13.379843000000001	1	0.06778985700000001
41.450167	12.689306	1	0.11371054
41.831509999999994	10.653964	1	0.07416067
41.91439	11.908262999999998	1	0.07954765000000001
41.933045	8.14958	1	0.063572824
42.138586000000004	7.452554999999999	1	0.08345879
42.688990000000004	11.604327999999999	1	0.05826081599999999
42.80336	10.939155	1	0.05113319499999999
43.105655	16.009381	1	0.10592006
43.591832999999994	10.955487	1	0.08154929999999999
43.628354	13.958820000000001	1	0.09420749
43.811336	16.493382	1	0.0953354
44.149770000000004	10.613382	1	0.06383831599999999
44.270787	14.759525	1	0.08330056000000001
44.393719999999995	8.3388716	1	0.06421925
44.454330000000006	12.539487000000001	1	0.074153114
44.664354	10.383056	1	0.08472070999999999
44.84075	8.5478586	1	0.05748347
45.48124	10.574095999999999	1	0.08475124
45.78938	16.09179	1	0.12149211
46.485659999999996	9.9537593	1	0.0783814
46.5511	12.302612	1	0.068976153
46.846423	8.329043	1	0.10110759
47.19971	11.790009999999999	1	0.11647215000000001
47.323537	14.692183	1	0.09105859
47.400494	6.364809	1	0.068129357
47.527947	9.893206	1	0.070422734
48.294897	19.081447	1	0.06261218
48.482732999999996	10.633222	1	0.073944065
48.764806	11.532125	1	0.09679539
48.846416000000005	10.066493999999999	1	0.10592468000000001
48.914894999999994	12.782350000000001	1	0.09507211
49.24735	9.44062	1	0.12711537
49.435024	13.329407	1	0.08169557
49.48449	11.269884999999999	1	0.08947184999999999
49.700527	12.648698	1	0.08355681000000001
50.446115000000006	9.259549	1	0.11496856999999999
50.464453999999996	10.833784	1	0.07536347
50.540853	11.366050999999999	1	0.11544259
50.69902	12.562426	1	0.09533392
51.056757	10.90362	1	0.07237163399999999
51.342854	13.236911	1	0.1254585
51.373377	12.825317	1	0.09532802
51.780586	11.976130000000001	1	0.07608232000000001
52.221216999999996	10.541371	1	0.08368094
52.542486000000004	13.292413999999999	1	0.0976398
53.179464	11.456957000000001	1	0.08335212
53.984776	16.064587	1	0.0869857
54.11376	12.328948	1	0.093144905
54.179019999999994	10.377510999999998	1	0.08388946
54.184365	11.009703	1	0.09529921999999999
54.368443	11.218344	1	0.11167072
55.352197	13.139842	1	0.058345357
55.469627	13.087648999999999	1	0.09474405
55.482497	13.313742	1	0.14656987
55.704269999999994	12.273765000000001	1	0.10799887
57.321315000000006	35.612095	1	0.1793236225646088
57.778845	21.826591	1	0.1132370309077588
57.821920000000006	9.8460877	1	0.11769848
57.9713	23.274081000000002	1	0.11905553824185196
58.712419999999995	17.609614999999998	1	0.0741564715648048
59.201717	17.1725734	1	0.0961572668044483
59.55199	7.4553780000000005	1	0.107694995
59.676247000000004	18.23715	1	0.09296948323990316
60.49854	18.827191	1	0.10305694980437444
60.623526999999996	8.71129	1	0.12711566000000002
61.692038	20.696901	1	0.09853188510897742
62.784295	28.314442	1	0.18328934266010255
62.90675	23.470542	1	0.09004130890533503
64.209065	22.3466334	1	0.08626122476016883
64.334245	24.984888	1	0.18593116191389933
64.593234	9.6904516	1	0.10840908178580573
65.56733	19.14777	1	0.08874444764358669
65.8058	16.862316	1	0.07434313511077553
65.92976	18.989663300000004	1	0.10133870956776536
66.974893	19.7708823	1	0.08000819006942494
67.03368	19.260872	1	0.07187834094604699
67.17415	15.6094744	1	0.10525470722552849
67.73216	15.937503	1	0.11216005213916007
67.87786	16.6299036	1	0.09446564518477873
68.57948300000001	17.415144599999998	1	0.08278783171951372
68.626423	13.4985065	1	0.09556535143076791
69.2594	13.0679577	1	0.10608315602258019
69.30703	10.983972499999998	1	0.09688573913006202
69.682765	10.3857849	1	0.08261250088387273
70.130916	10.5794754	1	0.12160357443834956
70.43413	13.0454826	1	0.09700143766136425
70.67213	11.3952709	1	0.07218580307166593
71.061563	9.784273500000001	1	0.10564499172879059
71.17766	14.6109412	1	0.09143471737048671
71.528826	8.7265003	1	0.14537336281675567
72.23151	7.834067	1	0.08636120508159242
72.236347	7.077103999999999	1	0.08178891364319403
72.44422	13.796121500000002	1	0.08146959223646805
72.99264	4.4257364	1	0.09261676999999999
73.369913	6.82063096	1	0.07482997578528981
73.65385	7.399845200000001	1	0.11535719818899806
74.02671	8.8304066	1	0.0948264942055744
74.53541799999999	4.3006268	1	0.08975997
74.690676	4.1974443	1	0.070208386
74.746137	4.2710462	1	0.07011604
74.825497	5.60761983	1	0.1434964476941657
74.905624	3.349472	1	0.056557055
75.53496	2.8357598	1	0.06335076
75.79761500000001	3.1898957	1	0.076213796
75.8604	2.6745448	1	0.07405249
75.934944	3.460064	1	0.095982
76.85116	1.8973437000000002	1	0.21066966999999998
76.94774	2.5833273	1	0.068062847
76.969595	2.3731333	1	0.08793832
77.53297	1.3474916000000001	1	0.08827488
77.54456	1.3242242000000002	1	0.074055837
78.548096	9.243259	1	0.08998022
78.56709599999999	8.134743	1	0.09389513000000001
79.4021966	8.151163	1	0.052451677999999995
79.5453656	8.380094999999999	1	0.08884926
79.72624716	7.156975	1	0.08735860999999999
79.79752839999999	9.207883	1	0.09034787000000001
80.6456224	6.9080323	1	0.08610889999999999
80.8087358	7.7581435	1	0.11641462999999999
80.94346	8.7276137	1	0.09005948999999999
81.1130676	6.5365063999999995	1	0.10452441
81.4810342	11.774366	1	0.15991148
82.12786	9.0526617	1	0.08937031999999999
82.46292	7.937906999999999	1	0.09627907999999999
82.698937	8.021509	1	0.08446475
82.96570369999999	7.497544	1	0.100049935
83.39204459999999	11.636544	1	0.1418941
83.5663215	8.762659000000001	1	0.100994455
83.7777505	7.9076594	1	0.073922263
83.893087	7.1954720000000005	1	0.11474109999999998
84.3883774	6.6509160000000005	1	0.09240466
84.6954933	7.383375	1	0.09952178
85.182473	9.139692	1	0.10212349000000001
85.21794899999999	8.0289173	1	0.10625325999999999
85.608192	7.866839	1	0.09585056
86.3406536	8.871264	1	0.07403616
86.435281	8.079163000000001	1	0.09011806
86.655942	10.589144	1	0.09967139
86.80202299999999	8.450185	1	0.07554159
86.80483799999999	11.060853999999999	1	0.12251113
87.26386199999999	8.251781000000001	1	0.09878796000000001
88.20443549999999	7.851266	1	0.09407405
88.20672069999999	8.607325	1	0.1568955
88.773265	6.059299	1	0.08463989999999999
88.85641899999999	7.928139600000001	1	0.09688010999999999
88.861357	8.7805754	1	0.07356035
89.046629	7.419045	1	0.08984235
89.427752	7.5115234	1	0.0740875
89.541294	9.762866500000001	1	0.07558308500000001
89.662809	8.3859754	1	0.16496614999999998
89.80510799999999	7.863231000000001	1	0.09387802
89.86735999999999	4.4022238	1	0.06556999
90.030148	7.6171297000000004	1	0.052107936
90.777873	7.699981299999999	1	0.11797489
91.133016	6.220159499999999	1	0.08867033999999999
91.362262	6.354843	1	0.067876386
91.630656	7.017225	1	0.1161888
91.642202	7.284165	1	0.1056643
92.070302	6.157177000000001	1	0.08110852
92.07807299999999	7.6871467	1	0.07113624
92.431006	7.049913399999999	1	0.08945791
92.785257	6.3732	1	0.20014760999999998
93.34800899999999	5.4299885	1	0.10606249
93.447593	6.369251	1	0.08109014499999999
93.639693	3.193504	1	0.11642261
94.13230399999999	4.5983946	1	0.08778485000000001
94.347096	0.7136931000000001	1	0.08340023
94.72539499999999	4.4105485	1	0.17991891
94.85672	4.147536	1	0.09924452
95.087757	5.5619586	1	0.10365758
95.440877	6.322736	1	0.072191786
95.788296	3.4246707	1	0.11721176
95.824731	2.6541287000000002	1	0.10344877000000001
96.189984	3.9957700000000003	1	0.09977157
96.41607499999999	3.5568709999999997	1	0.09909738
96.63934699999999	1.830204	1	0.09102188
96.782027	2.5153288000000003	1	0.063441875
97.294085	2.0862652	1	0.11644853
97.73229699999999	0.8514251	1	0.12684971
98.44709599999999	1.227408	1	0.06448200400000001
98.555994	5.606812	1	0.09234067
99.2638928	5.1593469999999995	1	0.10593757000000001
99.59646049999999	4.5923755	1	0.08582535000000001
99.7889008	4.888777	1	0.10689913000000001
99.845834	4.3730712	1	0.09438683
100.430973	4.8804623000000005	1	0.09938271
100.4763615	4.9985328	1	0.10523019
100.8390887	3.9095086	1	0.10581157000000001
101.7025065	3.9774947999999997	1	0.10186636
101.8617096	4.3231562	1	0.09315789
101.9518882	3.4067807	1	0.09652551000000001
102.0418045	3.9333564	1	0.1055362
102.4204936	5.1542010000000005	1	0.10222556000000001
102.6603087	4.191695999999999	1	0.12307448
102.978184	2.75075	1	0.08564495
103.4127307	3.4490854	1	0.10583609000000001
104.2626154	4.0372604	1	0.09045781
104.4052976	3.5871312	1	0.071306834
104.4595945	2.7329463	1	0.11839064999999999
104.775494	3.7732254999999997	1	0.07859564
105.5196327	2.4904877	1	0.08466681000000001
105.537971	3.516142	1	0.105821965
105.68805449999999	2.8483294999999997	1	0.07564088
106.05299	2.318759	1	0.12170324999999999
106.15487399999999	2.519864	1	0.10047144
106.95865	2.6127622	1	0.10338079
107.2638756	1.8591098000000001	1	0.10137291
107.4380034	2.1257789999999996	1	0.116404155
108.0278134	2.7231774	1	0.10791102
108.811269	2.4313311	1	0.12023789
108.869297	1.4042926	1	0.09070508999999999
109.720134	1.4382336000000002	1	0.09525623999999999
109.789894	1.2915301000000001	1	0.08464922999999999
110.13002399999999	1.3758463	1	0.10374424
110.172808	1.2652645000000002	1	0.09018734
110.651094	1.8178289	1	0.11642467000000001
110.809716	1.2904057	1	0.09525063
111.303313	1.4791092	1	0.08710566
112.659202	0.7908769999999999	1	0.10230309
112.791496	1.21879496	1	0.11629213
113.51879	0.766757	1	0.09411553
113.893642	0.8758296999999999	1	0.09523626
114.370663	0.9683576	1	0.082321325
114.942622	0.39493065	1	0.11644464
115.113451	0.9648239999999999	1	0.07964864
115.37274	0.4245821	1	0.09514162
115.52210099999999	0.8049579	1	0.12560233
116.22049	0.82852945	1	0.11874041
116.840608	0.35287783000000006	1	0.10035654
117.276794	0.30874308	1	0.10789738
170.997246	0.0	1	0.6797443224040294
