distance_from_base_(mm)	lateral_root_length_(mm)	order	averaged_diameter_(mm)
1.9983022	0.8081213399999999	1	0.06994164
2.7479786	1.4134441	1	0.10581983
3.0187345	1.54756	1	0.11201677
3.2515904	2.2283652000000003	1	0.063185627
3.4793950000000002	1.0509152	1	0.089102285
3.7318563	1.9804221	1	0.08239018000000001
4.2134786	1.7274265999999998	1	0.074002976
4.279834	1.2458207000000001	1	0.08591465
4.6703628	2.3253863999999997	1	0.08269533000000001
4.9272615	2.1030867	1	0.08890313
5.6412107	2.0202027	1	0.075671533
6.088343	1.8447854	1	0.07571462999999999
6.549402	1.7701554	1	0.08597722000000001
6.768345	8.211979	1	0.13956443000000002
7.811504	1.7479049	1	0.08773136000000001
8.047559	1.8644431	1	0.09101490000000001
8.507789	1.9574285999999999	1	0.0846654
8.8760924	1.8799937	1	0.08077348
9.4877374	0.36395267000000003	1	0.066991667
10.544177999999999	0.9262518	1	0.12311454
11.282494	1.2897795	1	0.09513011
11.893536000000001	1.2932058	1	0.063499287
12.106390000000001	1.9560279	1	0.08891892
12.531357	1.4919927999999998	1	0.08250451
12.62029	2.2510658	1	0.12400246000000001
12.690482000000001	1.6783123	1	0.08205793
13.616468	1.5223297	1	0.09525781999999999
13.761275	4.6693388	1	0.16836070000000003
14.094850000000001	2.3264831	1	0.060749239999999996
14.326948	1.3787414	1	0.09286424
14.661014999999999	2.1898646999999998	1	0.08255831
15.025104	2.0491832	1	0.075850897
15.117899999999999	1.4209752	1	0.09237761
15.219984	0.9440932000000001	1	0.06901674
15.318465999999999	2.0818645	1	0.09313439
15.479258	1.6786325999999998	1	0.07131828500000001
16.405047	2.173884	1	0.095245605
16.688235	1.6142401	1	0.10466062999999999
16.873044	1.3000086999999998	1	0.07369521000000001
16.987073	2.0697360000000002	1	0.06323188
17.500243	2.2624688	1	0.07310023
17.706115	1.1339093	1	0.071435743
17.776331	1.2340224	1	0.09303684
18.165079	1.5468207999999999	1	0.08819768
18.700000000000003	0.9883795	1	0.09346686
18.799999999999997	0.8243674	1	0.095260115
18.987424	2.3661168	1	0.08899990499999999
19.66174645	1.1621808	1	0.08851751999999999
20.4025018	2.5134996	1	0.061384235
20.5073903	1.8039148999999999	1	0.08819826
21.0574695	0.5649708	1	0.09513235
21.185081999999998	1.541603	1	0.08392953
21.4193754	2.6266496999999998	1	0.10124001
21.6665144	2.1358865	1	0.06440655299999999
21.733763	2.3997433	1	0.08019145999999999
21.7868943	2.964329	1	0.08506319
22.736402299999998	6.542983700000001	1	0.18922782
23.0590923	2.5381365000000002	1	0.074000787
23.1574924	1.11631855	1	0.10535781
23.3055605	1.9930008	1	0.09181607
24.062632999999998	2.1936464	1	0.13759996
24.439675299999998	1.9360548	1	0.13758473999999998
24.7269614	1.3485499	1	0.15278108
25.280153	3.0628509999999998	1	0.10742610999999999
25.8614035	1.7096421	1	0.11683937
25.8838124	2.4932739	1	0.08467458
25.94021	1.7243676	1	0.13757106
26.720039999999997	2.3080534999999998	1	0.09239366
26.8277474	2.0739479999999997	1	0.09525075
26.984763	1.9846267000000002	1	0.12665284000000002
27.048862999999997	1.9131601	1	0.0845559
27.215956	1.5544945	1	0.08466702
27.4599476	1.942169	1	0.08650833999999999
27.571866999999997	2.1177915	1	0.09423711
28.2958	0.7894671	1	0.14817233000000002
28.46239	1.0664647	1	0.09440954
28.523894	6.7241764	1	0.19335061
28.887424	1.8786307	1	0.09041031999999999
29.97779485	2.4639615	1	0.08622496
30.03034316	2.0290254	1	0.09524722
30.0670241	2.3228711	1	0.09524496
30.08185827	1.9132764999999998	1	0.09398356
30.1216902	1.9454008	1	0.07932883
30.18128016	2.3890457	1	0.09091194999999999
30.1885897	2.2532964	1	0.11641525999999999
30.19010716	1.986152	1	0.09920666
30.19867525	2.0597687000000002	1	0.08463905000000001
30.2036637	2.1310561999999997	1	0.08599522999999999
30.2091697	1.3856650000000001	1	0.07497643
30.2319854	1.9848773	1	0.077113346
30.2401229	2.8093472000000004	1	0.08748804
30.29099666	2.6211166	1	0.08373593
30.319154	1.8732104	1	0.12167232
30.3241919	2.0927667999999997	1	0.0740794
30.33847705	2.1686265	1	0.08739232
30.36157385	2.1336803	1	0.077354773
30.38836904	2.4041845	1	0.07376934
30.51197716	1.9039589000000001	1	0.07574365
30.5884171	2.2921157	1	0.08995563999999999
30.698854	2.6255616999999996	1	0.09524509
30.758854	0.5714393799999999	1	0.09525122999999999
30.8596539	1.0365719	1	0.09881859999999999
31.678854	2.4722753	1	0.08113777000000001
32.0382553	2.9738963000000003	1	0.09007348999999999
32.688854	2.8341149999999997	1	0.09525412999999999
33.008854	2.70017	1	0.08207700999999999
33.4531104	2.7990344	1	0.08100122
33.508854	2.3968498	1	0.08525524
33.5665902	2.3024637	1	0.08300744
34.038854	4.0031597	1	0.14103388
34.552231	3.1678987	1	0.07328420399999999
35.498854	2.192497	1	0.08229981
35.638854	2.6746723	1	0.07408666
36.016698	3.0874717	1	0.10819806
36.258854	5.986447999999999	1	0.19216402
36.278854	2.801748	1	0.10159678999999999
36.988854	2.0558812	1	0.10640375
37.668853999999996	0.4617088	1	0.094206715
37.971479	0.8675011	1	0.11781223
38.0039536	1.7536536	1	0.09373795000000001
38.568854	2.1251518	1	0.09525567
39.1557745	2.3729432	1	0.06928425
39.3657745	2.0664705	1	0.069313403
39.5757745	2.0215908	1	0.13758177
40.0861159	3.1037173	1	0.10417562
40.3411982	2.4580961	1	0.073712743
40.3558851	6.5916085	1	0.19490345999999997
40.3564798	4.7568923000000005	1	0.1681685
40.5925777	1.9656129999999998	1	0.09777503
40.6762897	5.8301157	1	0.18847073999999997
41.244247800000004	2.7361172	1	0.12639797
41.413949200000005	5.571884000000001	1	0.19505973999999998
41.9734111	2.5591000000000004	1	0.10257552
42.6144602	5.8612079999999995	1	0.17688576
42.7702942	1.6816708	1	0.11208288
42.8048997	1.1433827	1	0.09618879
42.9504951	2.0447803	1	0.08355567
43.0282585	1.965833	1	0.09172421
43.2751011	2.7453914	1	0.121864565
43.5248622	5.176767	1	0.18702911
43.5978785	2.9293826000000003	1	0.14605215
43.7111961	2.3785461	1	0.08466835
43.816153	1.2632995999999999	1	0.08466333
44.4053572	4.7784537	1	0.17781525999999998
44.4479065	6.280023	1	0.17345147000000002
44.9844801	5.2887106	1	0.12930255
45.0241795	3.124012	1	0.05742022
45.2755175	2.1442388	1	0.10159881000000001
45.3521025	2.1222314	1	0.08812927999999999
45.8724515	2.6243149999999997	1	0.09524486
45.9294345	2.27083	1	0.07407539
46.8881025	2.6348529999999997	1	0.063501657
47.3260145	2.134665	1	0.18756498
47.3652165	1.7014466000000001	1	0.13037979
47.9831421	3.6698395	1	0.12072403000000001
48.0208755	1.15200564	1	0.07407686
48.258140499999996	1.6393432	1	0.10794218
48.2884871	1.2565991	1	0.08466464
48.5884215	2.199375	1	0.076553035
48.7395925	1.5917653	1	0.08466860999999999
48.8110285	2.0664994	1	0.10983622
48.9541765	1.6674341000000001	1	0.063503264
49.2416335	1.8011352	1	0.09513183
49.4576795	2.181876	1	0.07987091
49.643347500000004	2.0502631	1	0.08467407999999998
49.973211500000005	2.1422175	1	0.15797792000000002
50.6157205	3.9359447	1	0.18080337
50.7802615	2.0277697999999997	1	0.09450627
50.935269500000004	2.635053	1	0.082635395
51.0637155	2.6657784	1	0.17264623
51.105337500000005	2.0272882	1	0.10205855
51.2342825	2.3832427000000003	1	0.09521771999999999
51.3845505	0.9024906	1	0.09497778999999999
51.827518500000004	0.8542247999999999	1	0.16821091999999999
52.160717500000004	0.47219943	1	0.07411402
52.1994695	0.65535344	1	0.12413164000000002
54.9284945	0.0	1	0.572710426605483
