distance_from_base_(mm)	lateral_root_length_(mm)	order	averaged_diameter_(mm)
7.3990905	8.7780356	1	0.15244758
11.147777999999999	6.242559	1	0.09708406
11.518402000000002	10.262827000000001	1	0.15816008999999998
12.741201	4.6900177	1	0.11816386
13.085433	2.5871536	1	0.09855093000000001
13.619985999999999	4.7628966	1	0.13430137
13.878630000000001	3.5309017	1	0.10388583
15.221483	7.3219829999999995	1	0.09515790999999998
16.142038	6.330604600000001	1	0.09733185
17.368045000000002	5.376343	1	0.09029225
17.92055	5.8492374	1	0.09172753
18.086503	4.6705365	1	0.09712538999999999
18.181442999999998	5.247168	1	0.09729763000000001
18.764874	4.6276285999999995	1	0.07503735
18.902211	5.34934	1	0.08463949
18.950225	4.1933134	1	0.1164212
19.700470000000003	6.558108000000001	1	0.0897558
20.531484999999996	6.6670039999999995	1	0.09804558
20.778344	6.5350354	1	0.11065201999999999
21.035773999999996	7.433224000000001	1	0.0750257
22.113974	5.0085603999999995	1	0.10830748
22.684472000000003	5.0118655	1	0.09799406999999999
23.298507	5.310415000000001	1	0.08782996
23.578773	2.727729	1	0.09409094999999999
23.94661	4.7249088	1	0.11027680999999999
24.15248	4.853778999999999	1	0.09912055
24.922900000000002	5.774148	1	0.09676557000000001
25.189857	5.344695000000001	1	0.09261201999999999
25.52578	5.475167600000001	1	0.09265865999999999
25.532684	1.4881162000000001	1	0.09524450000000001
25.646969999999996	3.9704305	1	0.09078999000000001
26.00825	2.0667866	1	0.074107284
26.47478	5.2941519999999995	1	0.09759326
26.691842	1.8528831000000001	1	0.09141093
26.740233999999997	0.46429943	1	0.0818175
26.77243	4.445382	1	0.09014522999999999
27.200000000000003	3.4187064	1	0.09675921000000001
27.29826	3.703072	1	0.08897027
27.85712213	4.8197246	1	0.09636204000000001
28.1383665	4.273964	1	0.10121530000000001
28.3045387	5.617563	1	0.09473185
28.437687099999998	4.2598718	1	0.10372157
28.6514666	4.6969494	1	0.10647809
29.3042627	2.2667782	1	0.07321508
29.3560153	3.9867662999999998	1	0.10138240999999999
29.3640446	2.445894	1	0.074086604
29.8993486	2.3850368	1	0.09282557999999999
29.9593416	6.650855	1	0.09457341064128626
30.0225585	4.1514722	1	0.11774085000000001
30.0990587	4.4161242000000005	1	0.09928638000000001
30.665992499999998	4.0000027	1	0.10886061000000001
30.8977696	12.6133877	1	0.11591108194070306
30.992511999999998	2.6824027	1	0.08173453
31.448207	5.0852273	1	0.08090181617516883
32.0782056	3.8797189999999997	1	0.0892858
32.1286755	3.4463376	1	0.08764298000000001
32.7578064	3.907213	1	0.09323893
32.9617443	2.8203684	1	0.07849713
33.2124516	3.9669695	1	0.10753370999999999
33.631481	7.1061198999999995	1	0.08776934946393053
34.138585	3.6590862	1	0.08887009
34.756551	3.2167298	1	0.09199806499999999
35.35527	3.6234455999999997	1	0.08464617
35.6770375	3.226134	1	0.089130495
35.927488	3.5969225	1	0.07702716
36.2731036	3.1788453	1	0.09898825
36.358351	2.8969523	1	0.10030301999999999
36.533052999999995	3.7424225	1	0.08615951
37.041309999999996	0.25619315	1	0.11289294
37.1799096	3.621224	1	0.097591635
37.606933	1.6121858	1	0.076884786
37.790451	3.9951384	1	0.09403786
37.982544	3.7934127	1	0.07759497500000001
38.104145	0.6350762	1	0.14816461
38.69826	3.6904199999999996	1	0.08970267000000001
38.843633999999994	4.377148699999999	1	0.09182193999999999
39.178813119999994	2.7137882	1	0.09454430999999999
39.83375099999999	4.6101972	1	0.09224233999999999
40.29483999999999	1.980879	1	0.09649268000000001
40.957497	12.815174599999999	1	0.09935158278830036
41.98622039999999	4.633614	1	0.08561624000000001
42.268075499999995	0.06032475699999999	1	0.046881889999999996
43.92890299999999	3.733621	1	0.10463869
44.02355599999999	4.6176618000000005	1	0.09475501
44.198619599999994	2.0655766	1	0.081126075
45.328734999999995	3.5647756000000004	1	0.09138234
46.122831999999995	1.9710208000000002	1	0.09223191
46.13412399999999	1.4124168000000001	1	0.08995502000000001
46.682238	3.2758116999999998	1	0.09201222
46.8836527	3.5093766	1	0.08390351000000001
46.957370499999996	0.8249194999999999	1	0.09833809
47.216356999999995	1.143702	1	0.09877559
47.7827303	4.3108955	1	0.09298623
47.798078	4.4712782	1	0.09767237999999999
47.86330869999999	3.98701	1	0.09132846
48.052662999999995	4.609972	1	0.08382509999999999
48.5966586	0.37153877	1	0.10582137
48.64353899999999	4.2220467	1	0.0812552
49.043634	3.0880985	1	0.070002694
49.317077	1.0587849	1	0.08466333
49.89671775	4.1300285	1	0.09064786999999999
50.580352899999994	4.3172583	1	0.077865245
50.667685899999995	2.144655	1	0.075119734
51.079670699999994	3.9851906999999995	1	0.08463554
51.3131792	0.58058612	1	0.1031109
51.773159899999996	4.0678304	1	0.07413345
51.778945699999994	1.6063546	1	0.06893912
52.2131263	1.7502835	1	0.07809798700000001
52.277154499999995	2.6279032000000004	1	0.077907094
52.2889738	3.5701972	1	0.08981588
52.312877	2.5306805999999997	1	0.07780024299999999
52.5588577	2.0183514	1	0.10318050000000001
53.085038	4.426681	1	0.07485159699999999
53.571038	1.8863322	1	0.07691676
53.608425499999996	1.418275	1	0.091691455
53.611554999999996	1.5399626	1	0.0971146
54.069117199999994	3.4650195	1	0.08580328999999999
54.236469799999995	1.5524495999999999	1	0.08553066
54.625083399999994	4.5710874	1	0.08880179
55.317440999999995	3.8394198	1	0.09173765
55.485354	2.8236141999999997	1	0.07408544
55.862688	4.1621858	1	0.065061934
56.202389999999994	2.3698182	1	0.09221925
56.313717	3.7149864	1	0.09187135
56.710641599999995	2.33903	1	0.08622085
56.838325999999995	3.885597	1	0.07033196
57.397037299999994	2.743272	1	0.08219971
57.510988299999994	3.6821702	1	0.074972804
57.661566	2.2252712999999997	1	0.07371415
57.987375	3.256023	1	0.08587361
58.223373499999994	3.5959625	1	0.09064763
58.645345999999996	2.6566142	1	0.08106911
58.6997016	3.8078763999999996	1	0.08854444
58.950002399999995	3.7792120000000002	1	0.08098951
58.957758	2.7738217	1	0.07837854999999999
60.137152	1.4498707999999998	1	0.08272387
60.146207	2.9178408	1	0.10196256000000001
60.362018	1.7717247	1	0.06348983
60.424710999999995	3.7781262	1	0.0774099
60.977701999999994	3.8503787000000003	1	0.07695097
61.284538999999995	1.968785	1	0.09591553
61.696509	2.9763015999999998	1	0.104177445
61.870197	3.6545274	1	0.08147351
62.189048	2.7799517000000002	1	0.09524221
62.607980999999995	3.2373133	1	0.0713709
62.693839	3.8531578	1	0.09923918000000001
62.745086	3.0433387	1	0.08286555
62.831433999999994	1.7678346	1	0.08466431999999999
63.281884	3.6356821999999998	1	0.07725391499999999
63.292914999999994	2.5540802	1	0.07380576
63.69874	2.0317733	1	0.09946706
63.79199	2.9740694000000003	1	0.074967938
63.82122	3.2596675000000004	1	0.09399786
63.996206	2.0260014	1	0.07454734
64.243174	2.1585578	1	0.07336363
64.639805	3.207773	1	0.08385019
64.702988	1.3084231	1	0.09868808999999999
64.840509	1.7900428	1	0.08665982
65.107106	2.7641073	1	0.08466098
65.87105683	3.4656796	1	0.10336944
66.41143835	1.9603413	1	0.073875003
66.6253788	2.9211840000000002	1	0.08526462
67.0470891	3.1821895	1	0.08113466
67.1041802	2.8829244	1	0.08373163
67.3645251	2.1985859999999997	1	0.08373053
67.5439878	1.5992369000000002	1	0.09943687
67.5879296	2.4488404	1	0.08827600999999999
68.02603339999999	2.4890922	1	0.0792442
68.0534754	3.101156	1	0.09203757
68.6321518	2.2852592	1	0.10230513999999999
69.07789679999999	3.199765	1	0.072601717
69.50362419999999	1.7664805000000001	1	0.09977652000000001
69.838691	2.3690704	1	0.09263214
70.3029437	2.4852861	1	0.098766945
70.4000977	2.1140982	1	0.08464146
70.7841117	1.7841156999999999	1	0.08466613499999999
70.96625	2.5740173	1	0.10333626
71.380394	3.0240004999999996	1	0.05976459
71.485456	2.2388601	1	0.0994864
71.883766	2.3420967	1	0.09086254
72.065832	2.3971386	1	0.09358204
72.51276999999999	2.516034	1	0.08138745
72.60776	2.0405889999999998	1	0.10267844
72.730649	2.5960612	1	0.08967755000000001
73.256114	2.8802204	1	0.10513315000000001
73.46306899999999	1.8385829	1	0.09880164
74.0121073	2.2871718	1	0.1067942
74.4102836	2.3592466	1	0.09676718000000001
74.91936799999999	2.2106898	1	0.09389349
75.119602	2.1072717	1	0.09639508
75.155273	2.4951026	1	0.10432147
75.99472399999999	1.5201136000000002	1	0.08017896
76.08627899999999	1.7642484999999999	1	0.09806978
76.11344799999999	1.4218502	1	0.08753837
76.51791399999999	1.7567021999999999	1	0.10218263
76.913709	1.6644381	1	0.12834721
76.989543	1.902196	1	0.09521366
77.44492699999999	1.8115514999999998	1	0.09644372999999999
77.564356	1.5372341999999999	1	0.08349859
78.085403	1.6450265	1	0.09493931
78.24453799999999	1.485887	1	0.0975691
78.602063	1.6419199	1	0.09805533
78.649575	1.4441568	1	0.10583634
79.01451999999999	1.443303	1	0.09879384999999999
79.865539	0.23504812	1	0.09525776
79.921673	1.9070034	1	0.08252472999999999
79.961726	1.2849401999999999	1	0.09107161000000001
80.69790392	1.6817658	1	0.09228477
81.03978323999999	1.2758148	1	0.08100978
81.38361535	1.1289258	1	0.077295788
81.4923048	1.330279	1	0.08323405
81.7481174	0.7178386999999999	1	0.09285074000000001
81.9902563	1.344109	1	0.08502522
82.1219528	1.0423891	1	0.0846653
82.2230054	1.0434804	1	0.10279589
82.7019876	0.7480747999999999	1	0.09438597
82.80335649999999	1.1998091	1	0.11644554
82.846917	0.7313165	1	0.09155642
83.4307472	1.1575501000000001	1	0.10155314
83.5701705	0.57330843	1	0.072953445
84.6461545	0.7008325999999999	1	0.09257153000000001
84.804057	0.8475201	1	0.09171161
85.2002157	0.9696670000000001	1	0.10431684999999999
85.32907229999999	0.59656095	1	0.07246304
85.77722	0.29662405999999997	1	0.10228628000000001
85.9904234	0.31609822000000004	1	0.11907487
86.386082	0.31424787000000004	1	0.08403712
86.754851	1.0426875	1	0.07405678
87.228742	0.29585902000000003	1	0.09154540500000001
87.2765647	0.7834384	1	0.07251698
87.81155	0.28233867	1	0.07407432
88.1310455	0.84244795	1	0.09525142
88.661341	0.7393225000000001	1	0.097007295
88.983022	0.40783729999999996	1	0.068358956
89.181283	0.9087580000000001	1	0.069200997
89.515767	0.19121691999999998	1	0.08465749
89.766872	0.44203149999999997	1	0.0844366
90.218954	0.9036379999999999	1	0.06796585
90.4086403	0.53760264	1	0.08371682
90.70335299999999	0.5148153400000001	1	0.07408482499999999
90.848008	0.39054967	1	0.08661389
91.206113	0.83502695	1	0.08700576
91.590146	0.19557259999999999	1	0.09494385
92.044637	0.1725731	1	0.07408157
92.092337	0.32605734	1	0.07333434
92.599938	0.86374104	1	0.08260783000000001
93.031831	0.51131044	1	0.08250382
93.522297	0.7222072	1	0.09784132
94.054638	0.59615858	1	0.08457743000000001
96.141232	0.0	1	0.304401285243165
4.1209012000000005	1.4985541999999998	1-1	0.05291372
4.7606727	1.10766895	1-1	0.073503414
5.622286	1.0161883	1-1	0.068036546
6.807710999999999	0.39513223	1-1	0.09450609
8.7780356	0.0	1-1	0.09450609
0.99218786	0.6647408	1-3	0.095239775
1.7452904999999999	1.182203	1-3	0.13758257
2.5689805	0.9453486	1-3	0.11342832
3.2431720000000004	1.1108500000000001	1-3	0.06658456
4.1442254	1.2983793	1-3	0.06350223399999999
6.586175	0.7387420499999999	1-3	0.08113136
7.334936	0.50704326	1-3	0.052899625000000006
7.7244425	0.6887732400000001	1-3	0.05720785
8.172803	0.37134573	1-3	0.07405990700000001
10.262827000000001	0.0	1-3	0.07405990700000001
6.054822090000001	0.4199182	1-52	0.09513677
6.66046455	0.7398505	1-52	0.06997566
7.107104060000001	0.5139928	1-52	0.08990284
7.515841400000001	0.38506534000000003	1-52	0.07374009
7.8549106	0.38788702	1-52	0.08906334
8.270517300000002	0.51046822	1-52	0.08875386
8.597262800000001	0.39889023	1-52	0.06437753
8.9862651	0.53623576	1-52	0.06863899
9.9519411	0.39219823	1-52	0.08175012000000001
10.7256224	0.26058482	1-52	0.063508404
11.249328900000002	0.5373225	1-52	0.08886160000000001
12.021096400000001	0.08483202000000001	1-52	0.05292182
12.6133877	0.0	1-52	0.05292182
0.39015573	1.0204479	1-74	0.069202813
0.6350762	0.0	1-74	0.069202813
6.4516710999999995	0.53895984	1-80	0.07387604
6.746745799999999	0.56673504	1-80	0.08463576
7.794476999999999	0.6970361999999999	1-80	0.10045363
8.2435093	0.48762310000000003	1-80	0.07936448
8.963094499999999	0.5508879600000001	1-80	0.073992223
12.815174599999999	0.0	1-80	0.073992223
