distance_from_base_(mm)	lateral_root_length_(mm)	order	averaged_diameter_(mm)
0.0	0.29193772	1	0.10531505
14.395036999999999	9.63917	1	0.09712645
15.330870999999998	10.765886	1	0.079405615
17.596403000000002	8.5226303	1	0.08012728
17.904302	10.695169	1	0.083457185
17.923083	5.965544	1	0.07633250999999999
18.451807	9.5916915	1	0.067894096
18.888196999999998	9.147329	1	0.076703993
19.047285000000002	10.497673	1	0.09044959
19.274176	10.045304999999999	1	0.1058366
19.742706000000002	10.562023	1	0.08466905999999999
19.948789	10.597354000000001	1	0.07425869
20.399036000000002	8.826576000000001	1	0.070804562
20.416749	8.8813674	1	0.07927967
20.566452	5.3400360000000004	1	0.074102534
20.610158	10.235565	1	0.06350593
20.854928	11.235375000000001	1	0.073457826
21.592570000000002	11.687684	1	0.062515894
21.629025999999996	9.750059	1	0.08224653999999999
21.63437	10.435127	1	0.05122362999999999
21.715941	11.468487999999999	1	0.07415826
22.288244000000002	8.619079	1	0.08726045
23.099062	13.630234999999999	1	0.082638925
23.311155	11.060286	1	0.08028272
23.888776	12.647124999999999	1	0.07901458
23.891136999999997	14.682535000000001	1	0.08375169
24.168694	10.522635000000001	1	0.052794106
24.46393	11.915091	1	0.09723180999999999
24.920187	12.389413000000001	1	0.074077896
25.03149	7.989449	1	0.069888467
25.069847	9.2583346	1	0.08612987000000001
25.280273	8.7941974	1	0.0631048
25.448208	8.8252455	1	0.0852709
25.531387	8.864533999999999	1	0.08581393
25.994432	10.877885000000001	1	0.06632141999999999
26.132135	10.17315	1	0.0845676
26.239176	10.801984000000001	1	0.07349928
26.556075	9.7007644	1	0.08468911000000001
26.56753	10.386549	1	0.072664907
27.161645999999998	7.9476887	1	0.09782189499999999
27.405639	9.774227	1	0.12699092
27.412877	8.066441399999999	1	0.073510143
27.96742	9.951396599999999	1	0.062272469999999996
27.968411	8.620932	1	0.083968695
28.233788	10.008365999999999	1	0.058007539999999996
28.346887000000002	10.436046000000001	1	0.063768
28.591352	9.347528	1	0.09756614
28.887348	10.506153000000001	1	0.11642438
29.322846	8.782928	1	0.09523955
29.486098	7.975126	1	0.0904335
29.64027	9.5560926	1	0.08329697999999999
30.022389999999998	9.051466	1	0.07866658
30.376592	12.213253	1	0.104961675
30.506103000000003	10.559832	1	0.077668284
31.144476	9.2393625	1	0.08410308999999999
31.291044	9.768968000000001	1	0.08465795999999999
31.39313	10.631771	1	0.11642176000000001
31.555104	10.209249	1	0.07409299
31.756555999999996	9.105819499999999	1	0.094423
32.006154	8.800913999999999	1	0.08423714
32.057624	11.286308	1	0.10582714
32.159424	9.833141	1	0.07723524699999999
32.837837	3.0383196000000003	1	0.11069768
32.915854	10.222241	1	0.08532039
32.933156000000004	21.3545146	1	0.08601438380129407
33.023484	10.193148999999998	1	0.09361105
33.45682	7.7809596	1	0.07672480300000001
33.77377	7.149418600000001	1	0.08609351
33.976462	7.723832000000001	1	0.09701371
34.334395	7.447106	1	0.09521529000000001
34.490705	9.13476	1	0.10585877
34.660785000000004	9.667717	1	0.09363600999999999
35.230474	8.758908	1	0.10582139000000002
35.409317	10.289745	1	0.07399879
35.63057	18.738859599999998	1	0.07808842808237146
36.108506	8.4055024	1	0.074087493
36.173584	9.251172	1	0.06347799700000001
36.466715	9.830624	1	0.09521941
36.563767999999996	23.3305155	1	0.09953493456849892
37.029173	9.1725117	1	0.08450321999999999
37.106225	8.8976973	1	0.08578409000000001
37.227864	9.045144	1	0.07948475999999999
37.736523000000005	16.8479495	1	0.08677026501441289
37.822134	8.026697	1	0.08465709
38.159492	15.558013	1	0.08977986256191199
38.75754	12.869577	1	0.06927457877253496
38.99438	9.129848299999999	1	0.07642570147542095
39.320154	10.936801800000001	1	0.07942839866824002
39.543498	12.9578122	1	0.06429497110171269
39.659324	11.3806753	1	0.07256377481849884
39.84141	3.5077164	1	0.073994505
40.0034	9.9417095	1	0.1323734537271432
40.217886	12.4158085	1	0.06995568359273827
40.294724	5.229278000000001	1	0.08455425500000001
41.085725000000004	12.6650132	1	0.08002803105985058
41.35781299999999	7.1984226	1	0.08814641
41.38085	10.7521941	1	0.10347875473982579
41.684270000000005	12.9703454	1	0.07597430104601131
41.931148	13.945987000000002	1	0.09008053139436098
42.168890000000005	10.333991099999999	1	0.09998185988051825
42.97176399999999	8.908462	1	0.11126556454317917
43.00814	11.16156	1	0.08842088608085877
43.23285	12.813442000000002	1	0.08952973918322338
43.390446000000004	5.338775500000001	1	0.11640558000000001
43.78048	7.2864103	1	0.08467885
44.0346	7.270409	1	0.06545387
44.241314	13.2590293	1	0.08878518490917281
44.670424000000004	5.330507	1	0.07571539000000001
44.747686	8.7338892	1	0.07736075989865547
45.247946	8.1054004	1	0.09230239912155479
45.498114	10.6256239	1	0.07538398862500846
45.841193000000004	8.39958036	1	0.0971688198280644
46.033196	6.7410666	1	0.060007367000000006
46.094136	7.552295300000001	1	0.05290757
46.25021	7.3514040000000005	1	0.08810195999999999
46.368413000000004	5.061649	1	0.0757129
46.883554	7.0835685999999995	1	0.09746853
47.125339999999994	6.476185	1	0.11644464
47.424755000000005	7.743069500000001	1	0.08984694
47.50638000000001	4.649089	1	0.10586113
47.69002999999999	5.6318855	1	0.073921653
48.269453	6.6617084	1	0.08096549
48.39192	4.72528	1	0.08710598
48.402862999999996	5.5256870000000005	1	0.07802741
48.69538	3.4971186999999997	1	0.10004031
48.924427	6.37428	1	0.07847318
49.274006	3.01857	1	0.07876832
49.306026	7.557684999999999	1	0.07628817
49.40869	2.7995229999999998	1	0.073022046
49.910740000000004	2.4360359000000003	1	0.09169764999999999
50.101994999999995	5.821452000000001	1	0.07074543
50.529094	5.653452	1	0.08785212
50.61368	1.6568051000000001	1	0.08464524500000001
50.805353999999994	5.329871000000001	1	0.061839664999999995
51.372194	4.006147	1	0.066019855
51.452613	0.7977173	1	0.08152133
52.64390650000001	7.902366	1	0.09693119
52.8426503	8.465906	1	0.0685909
52.9401535	8.031939999999999	1	0.054458855
53.0049514	7.8110605	1	0.071908976
53.6219874	6.132469	1	0.07376509
53.781962400000005	7.8154534	1	0.07416771
54.0921146	9.0002275	1	0.07193952299999999
54.218802800000006	7.641458	1	0.09626895999999999
54.2770458	7.700876	1	0.074054864
54.3751571	7.3758036	1	0.09522965
55.187868	7.988298499999999	1	0.08467341
55.22777670000001	7.819459	1	0.07685249
55.341456400000006	7.745191	1	0.066003273
55.463593	9.127467	1	0.068457955
56.03501970000001	8.568459	1	0.060356897
56.594856300000004	8.0378824	1	0.09523206
56.718328500000005	8.301995	1	0.068863244
56.829657000000005	9.0275246	1	0.0712798
57.45722550000001	7.2996944	1	0.068165013
57.561622500000006	7.566523	1	0.07985182
57.56845800000001	6.14358	1	0.07408595
57.587284600000004	5.1893069999999994	1	0.074076043
57.671718000000006	9.105359	1	0.09714462
57.771643600000004	12.038497	1	0.065582665
58.193572	8.059961	1	0.09508322
58.307564500000005	8.0908626	1	0.07925505
58.77376460000001	8.0753887	1	0.10581698
58.827180500000004	5.335303	1	0.10589428999999999
59.3776645	8.8945127	1	0.07061137
59.419848	7.1348935	1	0.06540601
59.537213	9.0694875	1	0.11522613500000001
59.9056866	7.246361	1	0.07405579600000001
60.04228500000001	8.354007	1	0.06713531
60.418205500000006	10.251857	1	0.081665935
60.784921000000004	8.993099	1	0.072598984
61.1245235	8.240081700000001	1	0.054538909999999996
61.5794226	7.756484	1	0.08649428
61.775574000000006	7.9107709999999996	1	0.06368932
62.0318355	14.316521	1	0.054898146
62.212633000000004	7.4832149999999995	1	0.07928099
62.775705	8.927232	1	0.08394064
63.331322	8.972406000000001	1	0.08579832500000001
63.950144	7.280041000000001	1	0.08467002
64.020583	10.023971	1	0.077693257
64.042753	9.467509	1	0.074076485
64.47256300000001	8.696750399999999	1	0.08183925
64.91293900000001	8.878823500000001	1	0.11612740999999999
65.62286	9.0603507	1	0.07822836999999999
65.75027200000001	24.214584699999996	1	0.07302251676301585
65.93553800000001	9.034503	1	0.06850229000000001
66.07982200000001	8.351396300000001	1	0.11589734000000002
66.705431	6.844241599999999	1	0.06137517000000001
66.918767	7.959049	1	0.08464562
67.06292400000001	9.8807305	1	0.08064543
67.382704	9.1288763	1	0.09522644
67.61266400000001	8.0653536	1	0.052897719999999995
67.655901	7.8566784	1	0.11136477
67.903608	15.961085	1	0.08872698442947644
68.084716	8.506146999999999	1	0.08468911000000001
68.453567	17.0163766	1	0.07961027772382012
68.532086	7.258799700000001	1	0.056678816
68.981092	11.9772672	1	0.10560375032734663
69.060033	6.761952	1	0.06349091400000001
69.374353	6.4378345	1	0.06395591
69.519475	14.2874797	1	0.0881648527442684
69.637242	7.48343	1	0.072775017
69.808276	9.851412	1	0.08593471441445957
69.961628	8.5305756	1	0.074064196
70.797916	23.7123854	1	0.148380804872722
70.839546	8.334623	1	0.0735879
70.95121400000001	18.592849	1	0.07876801136073848
71.53887800000001	8.0033064	1	0.12248329000000001
71.731115	7.5584275000000005	1	0.077864644
71.899691	11.244236	1	0.060215539440266655
72.57896000000001	12.2721508	1	0.09688790048747402
72.884442	16.963772	1	0.08451753110333127
73.31828300000001	8.915397969999999	1	0.0619270127045505
73.50743	6.083631499999999	1	0.08467076000000001
73.5494	9.26086934	1	0.08754444357220274
74.27324	11.542615999999999	1	0.07497046460796929
74.508306	12.310828	1	0.08337160719368694
74.830798	6.614139999999999	1	0.06621291
74.863564	19.1127696	1	0.0928529583677478
74.938718	11.7731226	1	0.08805646939200193
75.18790000000001	5.875329000000001	1	0.073262975
75.69901800000001	14.4896522	1	0.06303966267853413
75.89494400000001	7.591517	1	0.07888861
76.11075	12.792597999999998	1	0.0864126848571463
76.322397	11.5808146	1	0.06820956861219209
76.808914	7.918286	1	0.075043677
77.087997	10.503815000000001	1	0.07321137210823735
77.73934500000001	13.0987767	1	0.0824778942196305
77.984444	8.275642399999999	1	0.10582422
78.05389	7.928686000000001	1	0.11105593
78.34275600000001	5.6410974000000005	1	0.076943934
78.613304	16.462425	1	0.08490831458596773
78.77429000000001	7.808173	1	0.075293984
78.80639000000001	12.5705493	1	0.08457985028950263
79.087	9.4654956	1	0.07286971505928662
79.296705	7.803548999999999	1	0.072491737
79.351343	7.624402	1	0.08833712
80.087604	9.5641656	1	0.1086358279809028
80.37837200000001	7.278937	1	0.073507717
80.469665	7.194694	1	0.08461382
80.797488	6.804591	1	0.083741145
80.86949200000001	6.142818	1	0.07305500000000001
81.344882	6.433999	1	0.05276389
81.421	5.91457	1	0.07624449999999999
81.67998700000001	6.449199	1	0.09525122999999999
81.901955	6.2940973	1	0.11090498000000001
82.162656	4.9842876	1	0.08450674
82.392868	5.733074	1	0.066875773
82.792152	5.866531	1	0.10758991000000001
83.172058	4.2016113	1	0.070636007
83.191995	7.9413015	1	0.10584588
83.4157	7.692645000000001	1	0.07454748
83.658096	3.2424125	1	0.08058303
83.71797000000001	3.3437356	1	0.09523244
83.86393000000001	5.1632977	1	0.054724400000000006
84.09829	2.4402897	1	0.08037108
84.18874600000001	6.48207	1	0.09151973000000001
84.372379	2.809084	1	0.09786840999999999
84.53345200000001	2.3759349	1	0.061835036999999995
85.239262	1.9186884000000002	1	0.066272193
85.891665	0.87804824	1	0.09555502
85.903362	0.8718251	1	0.10554378
86.00108800000001	1.5427592	1	0.069335294
86.277749	0.4073422	1	0.06282248
86.648144	8.1013983	1	0.09763251
86.648144	7.701959	1	0.12777585
87.19475897	6.966118	1	0.061964834999999996
87.6051199	6.37536	1	0.11638772
88.1563309	9.110741599999999	1	0.06998193
88.2733403	7.677696000000001	1	0.081942
88.46699	8.4693074	1	0.06501859
88.5404013	5.9817785	1	0.07383569599999999
89.027856	7.583896	1	0.09257343
89.2908852	7.364838000000001	1	0.052915260000000006
89.304248	7.290636	1	0.05539176
89.638696	8.1349695	1	0.08086452
89.7675605	5.605257999999999	1	0.08104056999999999
90.1327928	8.528331	1	0.08465758000000001
90.22817	7.9840714	1	0.09428291
90.7405444	6.5336406	1	0.08466444000000001
91.1900746	9.0306824	1	0.09095218000000001
91.5720968	8.313416	1	0.07249204000000001
91.965573	11.091434	1	0.069844713
92.230808	4.656677	1	0.071121133
92.420364	7.967302	1	0.06921041
92.566599	7.297018	1	0.05898156
92.8136616	8.0408305	1	0.09372433
93.025413	7.065088	1	0.05754711
93.206806	8.379528	1	0.063334056
93.628398	5.3550416	1	0.058783563
93.99437950000001	6.951971	1	0.09605472000000001
94.013443	7.132807	1	0.07407539
94.16385100000001	7.735542	1	0.08588725999999999
94.4816075	7.3311543	1	0.08181503
94.976467	6.259411999999999	1	0.09541209
95.2095877	8.223749999999999	1	0.12559549
95.321454	8.271562	1	0.08466100000000001
95.8058493	7.3753554	1	0.06536098700000001
96.296831	6.571175	1	0.075936047
96.433468	16.425061499999998	1	0.1148618529449406
97.271953	6.437534	1	0.055647646
97.321475	13.542711	1	0.06460501298451322
97.422731	10.6462614	1	0.07952182348545941
97.788761	6.776566000000001	1	0.08976671
98.300729	11.764035	1	0.07955191363343954
98.744395	7.426705	1	0.09971671
98.770452	6.897596	1	0.062951813
99.05293400000001	6.778041	1	0.09694371
99.40167600000001	5.9238076	1	0.074033933
99.462866	5.168282	1	0.063490183
99.561624	13.405702600000001	1	0.0754762673499536
100.087929	27.128926999999997	1	0.0993213195705525
100.136798	5.451622	1	0.07602009
100.247705	11.390932	1	0.08061047578798435
101.208249	12.5690496	1	0.06720911990004665
101.367902	26.004531	1	0.11149038070098015
101.92662	14.581321599999999	1	0.07584165259075254
102.010075	10.493772799999999	1	0.06553923268860538
102.130844	5.300079	1	0.07898046
102.244337	9.060999	1	0.08306481691567405
102.809324	7.99073828	1	0.07144711374553746
102.970392	8.3752159	1	0.07735270155723568
103.71531900000001	5.8750539999999996	1	0.09429975
103.972347	6.5538234	1	0.10282737
104.034706	6.897328	1	0.072870227
104.285653	19.238318	1	0.07769962605578565
104.97162900000001	15.649083000000001	1	0.07195464792150504
105.489351	7.43831	1	0.074328855
105.794108	15.3260261	1	0.1089050296910278
106.176271	8.72198446	1	0.09158776440366834
106.510817	13.742333	1	0.07562501099486621
106.69269299999999	7.3162794	1	0.13756926
107.725708	7.323467	1	0.099852495
107.743136	13.973615	1	0.09083900884540973
108.021659	7.3345107	1	0.09031871999999999
108.177256	17.8806474	1	0.08951984413352528
108.844833	6.691321	1	0.10006693
109.10042200000001	10.2341716	1	0.07907313136487412
109.442288	5.6869000000000005	1	0.08427297
109.843072	5.852424000000001	1	0.10216729000000001
110.13383999999999	5.62334	1	0.08339889
110.297262	5.9187639999999995	1	0.084214555
110.780079	4.2436957	1	0.074832547
111.062507	3.7951787999999995	1	0.09393724
111.487777	4.1273865	1	0.1369063
111.492144	4.5781478	1	0.071279053
112.161881	2.7808902	1	0.07931534000000001
112.40738400000001	3.800693	1	0.08728603
112.675914	2.4461356	1	0.08313654000000001
113.008646	1.5156064999999999	1	0.070581506
113.536317	2.82858	1	0.08676718
114.289134	0.97036526	1	0.063481815
114.495861	0.34715759999999996	1	0.064664143
114.660474	0.51209096	1	0.13757758
114.757594	0.4472723	1	0.06253903300000001
116.007816	5.6540066	1	0.066352533
116.037816	6.9986653	1	0.06098473
116.21781600000001	6.1122060000000005	1	0.075423014
116.47538165	18.355145	1	0.14713461
116.77986215000001	4.390998199999999	1	0.08447889
117.41201980000001	5.503987	1	0.07279273
117.70198400000001	6.945515	1	0.064882194
118.0351928	6.491702999999999	1	0.08593194
118.3409462	2.914329	1	0.0932693
118.4902206	0.7214445999999999	1	0.06316374
118.59523750000001	3.979141	1	0.05013349
118.8953948	5.2333724	1	0.08501241999999999
119.322956	6.0236	1	0.0670289
119.51640200000001	4.283254	1	0.0678526
119.64549070000001	6.010566000000001	1	0.07830747
120.41614560000001	6.760285499999999	1	0.063502463
120.6849346	5.889816	1	0.076726936
121.53630650000001	3.8462666	1	0.07984558
121.9385544	1.453588	1	0.09263161
122.25927800000001	5.455795500000001	1	0.07380360300000001
122.8705195	5.598079	1	0.06878036
123.13433560000001	1.8265201	1	0.09524413000000001
123.62181500000001	3.4762855999999998	1	0.07068859999999999
124.30622430000001	3.6071882	1	0.08423214
125.11601200000001	4.4722393	1	0.073064924
125.406722	1.2323588	1	0.049388013
125.681728	5.497462	1	0.06506151
125.89967	2.6653036	1	0.07542535
126.37837200000001	4.5130286	1	0.07619022
126.52013000000001	4.4574973	1	0.064497585
127.141863	3.2169437	1	0.071889726
127.210498	3.2381964	1	0.073665227
127.380864	2.905398	1	0.0717956
128.076748	4.902419	1	0.07808322599999999
128.67659600000002	5.2707844999999995	1	0.06308193000000001
128.708334	2.6726702	1	0.072434396
129.016397	4.1095206	1	0.06752903
129.519706	3.273278	1	0.06567967
129.665256	1.943209	1	0.042335475
130.086803	3.4917322	1	0.054776845
131.294	4.5723638	1	0.069070794
131.86585200000002	4.9698165	1	0.07398819
132.573043	3.5077682	1	0.083581805
132.670368	2.5304627	1	0.057759136
133.04517800000002	3.1719872	1	0.102799535
133.644526	3.8133669999999995	1	0.08661532
133.882095	4.1932118	1	0.088927485
133.96877700000002	1.9990458	1	0.069339294
134.53190800000002	4.394293	1	0.076107066
134.73471	3.9405495000000004	1	0.071840934
135.16074600000002	2.8796786	1	0.08413116999999999
135.56683900000002	4.212663	1	0.074078096
135.87238200000002	2.8663188	1	0.11103779
136.124682	3.5851273	1	0.065083895
136.582252	4.3375435	1	0.07026358499999999
136.638876	4.536995	1	0.08092308
137.79975100000001	4.5388722	1	0.06252490399999999
138.14208200000002	3.65399	1	0.067571537
138.441446	5.032425	1	0.061200163
138.936099	2.2284655	1	0.09523927
139.39809200000002	4.4222718	1	0.061827414000000004
139.941386	4.5101047	1	0.05773235
140.055129	3.311337	1	0.07461597
140.486027	4.932861	1	0.07752177
140.508746	3.389697	1	0.069315815
141.343724	4.157328	1	0.077385735
142.04546100000002	4.606833	1	0.09212129
142.915131	4.972909	1	0.057625869999999996
143.09806700000001	4.8489964	1	0.07596280999999999
143.397054	3.200489	1	0.08206016
143.56800900000002	4.7437882	1	0.10464019999999999
143.763417	5.1542390000000005	1	0.09145159
145.106811	4.774727	1	0.059636934
147.212996	5.157869499999999	1	0.08812101
147.850229	3.2926705	1	0.08952824
148.787516	3.0267712	1	0.08348905000000001
149.46905	3.8431755	1	0.052897166
149.489831	4.302888	1	0.08537325999999999
150.136065	4.2348713	1	0.08403414
151.09718	3.7838328	1	0.09327763
151.807407	3.3750784	1	0.0929629
152.68373400000002	3.3906346999999997	1	0.068211053
153.314726	3.0276677000000003	1	0.0819387
153.465768	3.5725665	1	0.09678676
154.416524	3.0490869999999997	1	0.07279189999999999
154.74254000000002	3.0366963	1	0.07870472
154.82927	3.2670477	1	0.089697335
155.29752200000001	2.6867883999999997	1	0.051366379999999996
155.92725000000002	2.7040675	1	0.11641649500000001
156.660016	3.38267	1	0.07139845
157.132646	3.6349827	1	0.10818026
157.419146	2.9275637999999997	1	0.108340485
158.36509900000001	3.0738407	1	0.105562415
159.04650800000002	2.5758028	1	0.08030033
160.097756	1.6632326	1	0.07405698
160.514116	1.9692264000000002	1	0.11060096999999999
161.15163	1.7095897	1	0.07813542
162.268766	1.2576702000000002	1	0.10138553
162.54045200000002	1.2147024	1	0.09590615499999999
163.027746	1.7102526	1	0.09448107
164.35569	0.6676468000000001	1	0.10585804000000001
164.965316	0.29045317000000004	1	0.11640776
166.13291900000002	0.41002996	1	0.07203132
167.39247	0.08403725000000001	1	0.041277114999999996
199.328256	0.0	1	0.39294985222010753
1.9911984999999999	1.9138117	1-205	0.08466293999999999
2.3520675	1.635633	1-205	0.1164172
3.9424935	1.7494527000000002	1-205	0.07220391599999999
4.5249325	2.2083715	1-205	0.07759841
4.8164845	3.0395505	1-205	0.09514703
5.5217916	2.7582955	1-205	0.061418469999999996
6.3432770000000005	1.9822629999999999	1-205	0.058263380000000004
7.000501999999999	2.2625075	1-205	0.072082854
7.905536	1.4354923	1-205	0.09359131
8.323919	1.8878116999999999	1-205	0.067022447
8.972572	1.4726523	1-205	0.08071744
10.052579999999999	2.4270186	1-205	0.07096258999999999
10.936924999999999	2.0293722	1-205	0.08944126999999999
11.748446999999999	1.5443549	1-205	0.07935133999999999
12.458991	2.1999041999999998	1-205	0.07350480000000001
13.665472999999999	1.7158903	1-205	0.060982956000000005
14.112644000000001	1.6237243000000001	1-205	0.09523819
15.10777	1.1741986	1-205	0.08694661
15.404093999999999	1.674521	1-205	0.08995484999999999
16.8641772	1.1530411999999999	1-205	0.077582947
17.9608566	0.54495562	1-205	0.049210885
19.683213	0.08469436999999999	1-205	0.03958335
23.7123854	0.0	1-205	0.03958335
15.596667	0.135872625	1-312	0.0998936
27.128926999999997	0.0	1-312	0.0998936
1.4413984	1.8678934999999999	1-345	0.07868323499999999
3.1562333999999996	0.5511559500000001	1-345	0.10464846
3.779381	0.8133069399999999	1-345	0.10465456999999999
4.1273865	0.0	1-345	0.10465456999999999
1.7256194	0.56803726	1-359	0.10581641
18.355145	0.0	1-359	0.10581641
