distance_from_base_(mm)	lateral_root_length_(mm)	order	averaged_diameter_(mm)
25.984026999999998	11.792886	1	0.11791085
26.399496	13.753656999999999	1	0.21003896
27.242827	12.737157	1	0.09198887
27.653487000000002	11.539162000000001	1	0.08276451000000001
28.247626	11.621585999999999	1	0.11291322
28.75382	5.0173897	1	0.09525214000000001
29.10836	7.497999699999999	1	0.074086688
30.11841	12.025447	1	0.09093919
30.460707999999997	5.802106	1	0.063505233
30.672397999999998	9.162003	1	0.08184439
31.35507	4.3454596	1	0.13758286
31.416876000000002	14.754555	1	0.13757032
31.774828	7.170095399999999	1	0.13757015
32.161386	6.1656390000000005	1	0.064329808
32.299845	10.862818999999998	1	0.10246088
32.714167	11.280764000000001	1	0.10268034000000001
32.891822	6.0586107	1	0.07902734
33.094854	8.869204	1	0.074074743
33.194427000000005	9.4767416	1	0.08368558
33.651772	6.2143165	1	0.08176856999999998
33.687978	9.7432077	1	0.11640500999999999
34.0026	10.761811999999999	1	0.09778961
34.083	10.381972	1	0.0864481
34.522877	8.675691	1	0.10135633
34.673712	8.768112	1	0.09639082
34.904394	8.7182593	1	0.09581045999999999
35.035086	7.626396	1	0.10192172
35.185428	9.4275045	1	0.09555482000000001
35.28685	8.9390236	1	0.11409521
35.638652	6.6916037	1	0.08414178
35.823550000000004	10.138328999999999	1	0.09854241
35.99971	13.032037	1	0.10781787
36.127563	9.6062726	1	0.08252228
36.207085	9.668671	1	0.09036828
36.454463000000004	9.8797435	1	0.12069615
36.673882	7.2760963	1	0.10296174
36.862755	8.280517	1	0.11081008
37.0262	21.133445000000002	1	0.17883736423887206
37.09981	9.837436	1	0.14672454
37.276281999999995	4.47402	1	0.030221455
37.575483	8.6643714	1	0.06872438
38.09286	9.431442	1	0.042002489999999996
38.112588	9.770059	1	0.10692571
38.690996	22.535986	1	0.14471078626930908
38.95563	8.023781	1	0.121604195
39.494503	7.934552999999999	1	0.08273485
40.019020000000005	8.841166000000001	1	0.0924286
40.13288	7.347022	1	0.06075551999999999
40.80662	9.6044713	1	0.071896007
41.263909999999996	7.430434	1	0.10125985000000001
41.27195999999999	9.2409176	1	0.10143415
41.651129999999995	8.6366504	1	0.075745564
41.71252	6.784134000000001	1	0.09693386999999999
41.87693	8.5206	1	0.10791518
42.129726	8.924059	1	0.09564914000000001
42.341447	9.0392613	1	0.13754114
42.75228	19.764900400000002	1	0.07957291433084479
42.780924	12.0193577	1	0.12333366060291567
42.818556	9.060690000000001	1	0.05840021
42.950196	16.6306878	1	0.20226983069992535
43.54834	13.358206	1	0.1117328299752467
44.34175	13.1216505	1	0.11671140404797706
45.05198	16.0135018	1	0.15835780948319872
45.37182	6.481583	1	0.09391045
45.517616	4.9674872	1	0.09659161
45.794563000000004	15.414923600000002	1	0.18265958988053424
45.954976	11.3112742	1	0.11163121748062195
46.2789	10.961141399999999	1	0.10095302985073562
46.96576	8.691957	1	0.12235268459238477
47.47834	4.0868214	1	0.06280099
47.55218	8.2956325	1	0.06322093990992109
47.62271	6.9407624000000006	1	0.095259305
48.05054	7.385926	1	0.075620366
48.274739999999994	5.4382706	1	0.10926596
48.412569999999995	6.803611	1	0.037703258
48.41386	3.9623624	1	0.14110682500000002
48.601217	7.51784	1	0.07918523999999999
48.752885	9.6239702	1	0.11521425923220356
49.080870000000004	10.5106034	1	0.059225720461527596
49.189809999999994	7.3304396999999994	1	0.12016057
49.44249	6.6880345	1	0.09814935999999999
49.728785	6.870234	1	0.07384013
49.943004	6.0256124	1	0.09522081
50.28918	8.6425922	1	0.08613676620333054
50.389303999999996	5.8527577	1	0.0952708
51.15948	6.2588364	1	0.063485154
51.20324	10.7830958	1	0.09021185153056528
51.325703000000004	6.797848	1	0.09315241
51.586822999999995	6.7653674	1	0.06873421
52.400126	5.984363	1	0.06523047
52.44912	5.4266506	1	0.073873065
52.649100000000004	4.3848910000000005	1	0.09526935
52.81102	5.578371	1	0.09297730000000001
52.82995	4.172122	1	0.048957923
53.0	0.7939168000000001	1	0.25394823
53.102926999999994	4.3378532	1	0.077257385
53.727093	7.5227356	1	0.09512293
54.099574	1.8852241	1	0.074067223
54.21912	3.8187322000000004	1	0.070202434
54.445143	3.478499	1	0.1561485
54.672923000000004	8.0434456	1	0.11713641761646552
55.514355	5.195484	1	0.15176485
55.61904	1.3166120000000001	1	0.12417005
55.732429999999994	5.525713	1	0.1009765
56.34436	1.3663891000000001	1	0.09513798000000001
56.457944	1.8555684000000001	1	0.12219143
56.552730000000004	1.1281564	1	0.22582108
58.071275	6.356389	1	0.10258503000000001
58.331275	6.363156	1	0.08817947
58.411275	6.016209999999999	1	0.11095973
58.951275	5.347823	1	0.11567605
59.2834644	6.1525430000000005	1	0.09290429
59.7778957	5.584848	1	0.09967576
59.8281166	6.2911589999999995	1	0.09527026
60.1417038	5.5706304	1	0.08886913999999999
60.3074183	5.1059663	1	0.15236553
61.4138155	4.501720000000001	1	0.09766795
61.592435	5.51269	1	0.08269781000000001
61.850104	4.9115842999999995	1	0.07951698
62.06927	4.9320033	1	0.09511317
62.171988	4.0389360000000005	1	0.12438671
62.5550906	4.6072057	1	0.11097928
63.321195	4.2587474	1	0.06409216
63.343296	4.5754725	1	0.10541998
63.730403	4.990612	1	0.10595776
64.099834	3.847749	1	0.09421344999999999
64.359314	3.8021409999999998	1	0.10483026
64.4648616	4.1663733	1	0.09856794
64.682911	3.3447263	1	0.10579249
65.136097	3.193789	1	0.12033930999999999
65.1832365	4.2924869999999995	1	0.13064886
65.4711615	4.1179228000000005	1	0.10253985
65.548267	4.876701	1	0.06317023
65.73254800000001	3.6046433	1	0.08509707999999999
66.005467	4.0903089999999995	1	0.1081475
66.72928	3.7462625	1	0.10903741
67.137713	2.851991	1	0.12796138
67.2255175	3.3514273	1	0.07407045
68.11842	2.6739737000000003	1	0.15900737
68.284752	2.8560587999999996	1	0.071375673
68.38787500000001	3.0703655000000003	1	0.11413879
68.676087	2.7556333	1	0.10349844
69.057573	1.9650334	1	0.14615695
69.471558	1.2624772000000002	1	0.098365
69.799722	2.6229259999999996	1	0.15885489
69.81546900000001	2.6934606	1	0.13191784
69.943324	2.0809099	1	0.12013394999999999
71.258081	1.8541648999999998	1	0.11776984000000001
71.49565	1.2821816	1	0.11613472999999999
71.705185	1.9861807	1	0.137577895
71.950211	0.9304100999999999	1	0.06676728
72.11261	1.7108929000000002	1	0.08736591
72.882806	1.8821579	1	0.08261589999999999
73.542502	1.4157	1	0.08380212999999999
73.944925	1.350689	1	0.13227281000000002
74.988589	0.6595947600000001	1	0.12740637000000002
75.198589	1.0421378000000001	1	0.074083228
75.95195705	1.045558	1	0.09525484000000001
76.1502441	0.8282132	1	0.09524982
76.4651724	0.5536426600000001	1	0.09819383
76.6314549	0.8109782999999999	1	0.12700343
77.0770211	0.58136232	1	0.08707833999999999
80.628589	1.0296707	1	0.12248847
132.705522	0.0	1	0.7310590097767998
