distance_from_base_(mm)	lateral_root_length_(mm)	order	averaged_diameter_(mm)
0.0	6.750018	1	0.065981923
0.21415	1.9542323000000001	1	0.063105975
0.35040000000000004	1.888946	1	0.059886943
0.856603	10.494228999999999	1	0.06947555
1.623351	9.429338000000001	1	0.06346921999999999
1.6416225	1.1345921	1	0.09763140000000001
1.6811147000000002	4.470855	1	0.06618167
1.8458389	4.4070593	1	0.05748917
1.8579638	9.2107373	1	0.059759356
1.8785806999999999	6.8908244	1	0.061085103
2.2648671	9.754156	1	0.060931235
2.6430084999999996	3.6628196	1	0.06866408
3.0285775999999998	8.6355335	1	0.06345906
3.097423	8.8754654	1	0.076043834
3.577028	6.886567	1	0.067437785
3.6839283	9.1460884	1	0.063486723
3.6922958	10.609215	1	0.066269464
3.9355846999999997	8.9106506	1	0.058558225
4.2536432	5.0679289999999995	1	0.064407736
4.5194864	9.522744	1	0.0595934
4.581542	8.677652	1	0.06321468999999999
5.35074	9.413422299999999	1	0.073459097
5.509589	7.289967000000001	1	0.06239835
5.5311303999999994	5.891256	1	0.065283785
5.7778084	8.956260700000001	1	0.07188514
6.4867300000000006	9.507612	1	0.065549053
6.7480063	7.835872	1	0.057455106
6.8484956	10.577834	1	0.069256765
7.0936710000000005	7.794539299999999	1	0.06452354
7.211018999999999	10.303224	1	0.06271287
7.3863900000000005	8.741199	1	0.06531617
7.6828283	9.3805754	1	0.06576041
8.000042	9.224933	1	0.07214280299999999
8.3855224	10.947744	1	0.072046285
8.436833	8.317408	1	0.067070136
8.7816364	10.418472000000001	1	0.06890241
9.321852	10.767286	1	0.070370147
10.118288	2.775835	1	0.09841595
10.326694	8.757757	1	0.065826075
10.349988999999999	10.411481	1	0.064515923
10.505363000000001	9.120923	1	0.067946617
10.525813	12.394597999999998	1	0.066438094
10.749044000000001	10.65419	1	0.07226713
11.52687	9.5606077	1	0.068529807
11.770574	9.884661	1	0.05750003
11.92744	17.932585	1	0.070656524
12.071259000000001	9.215549	1	0.064199828
12.309330000000001	8.595281	1	0.06032132
12.530966	5.293491	1	0.068651866
12.712835	7.884761	1	0.06402445
13.286691	8.568926	1	0.059894340000000004
13.65006	9.882986	1	0.065910756
14.180133	9.717065	1	0.063587124
14.261868	10.059444	1	0.071372935
14.31057	7.830688	1	0.06388624
14.397799	7.774657	1	0.06097235
14.469775	0.7285046000000001	1	0.08459932
14.750763	8.998135000000001	1	0.07010842
15.752676000000001	10.366513	1	0.06705402
16.102241	8.802642	1	0.071018343
16.437680999999998	7.2329545	1	0.070176697
16.542271	3.4783920000000004	1	0.07132023
16.787907	1.4770389000000002	1	0.061682323
17.017733	9.8206913	1	0.07092672
17.347901999999998	9.7549516	1	0.07894546000000001
17.397294000000002	4.5369318	1	0.070647076
17.962247	8.907817999999999	1	0.06909142
18.157213000000002	8.985062000000001	1	0.06793529000000001
18.362852	7.17434	1	0.073872856
18.62274	7.3838866	1	0.071580196
18.786469	1.9480724999999999	1	0.06195272
19.015553999999998	5.4265636	1	0.07894580999999999
19.018488	10.129135	1	0.07863574999999999
19.543885	11.502666	1	0.069367657
19.999127	9.947487	1	0.07696864
20.423317	7.112414	1	0.06579051
20.72968	15.13406	1	0.08175484
20.877552	5.034828	1	0.060354094000000004
21.225567	11.602250000000002	1	0.070880237
21.513958	0.8201033600000001	1	0.06471789
22.087839	2.1207531	1	0.068101315
22.431196999999997	9.583720999999999	1	0.08002835
23.362668000000003	8.9008355	1	0.10687646
23.485987	9.524373	1	0.07991498
23.752291	6.2462467	1	0.08079193
24.021118	14.319348000000002	1	0.07934719
24.590497	9.8416466	1	0.077309622
24.713888	4.4655877	1	0.08298532
24.793239	6.177983	1	0.07202665
24.817932	10.162628	1	0.068670297
25.415640000000003	11.285042	1	0.076103113
26.262445	9.7751397	1	0.08253642
26.382422000000002	3.7051708	1	0.059184534
26.446334999999998	9.4275177	1	0.08446789999999998
26.74494	10.947956000000001	1	0.063905464
27.32835	11.467127999999999	1	0.07910488
27.921879999999998	10.665700000000001	1	0.077769104
28.2808	11.405989000000002	1	0.07642191
28.771493	14.930047	1	0.09106885
28.864812999999998	6.490152500000001	1	0.06835353
29.000766	13.475142	1	0.08128478
29.253745000000002	11.259822	1	0.06990987
29.679334	9.8708296	1	0.07687980999999999
29.909496	12.030954000000001	1	0.07812952
30.91227	12.642362	1	0.073498837
31.947715	10.236894000000001	1	0.09784912
32.71484	4.630383	1	0.07581961
32.7566	7.771226	1	0.07687742
33.064814	7.5595623	1	0.09829181
33.935978000000006	9.620541	1	0.08832743000000001
33.99715	12.484627	1	0.08778034000000001
34.472587	26.5809025	1	0.07869921445306066
34.934281999999996	4.7317863	1	0.08832071999999999
35.318193	8.1644106	1	0.06985817
35.437438	10.177643999999999	1	0.076790964
35.508441999999995	9.7284764	1	0.08871292
36.07238	11.495508999999998	1	0.078019723
36.789534	11.092861000000001	1	0.07917211
36.946979999999996	10.453619999999999	1	0.074283215
37.288086	13.833449	1	0.075024823
37.404575	9.017248	1	0.076385657
38.007602999999996	5.187767	1	0.09427419
38.265557	5.788498	1	0.11156325
38.36141	6.515282	1	0.08430777
38.503156000000004	6.520308	1	0.08870585
38.618603	5.4733175	1	0.09749146
39.099293	8.284765	1	0.10354165
39.130528	10.772663	1	0.07249754
39.149976	9.0247214	1	0.08826673
39.589465000000004	8.847654	1	0.08343708
39.59621	8.853820599999999	1	0.065883077
39.9647	9.206915500000001	1	0.08394291999999999
39.980495	9.361176500000001	1	0.0817455
40.17635	8.668728	1	0.08441660000000001
40.63784	22.0949117	1	0.08035826210629032
40.64044	2.7400925999999997	1	0.077479538
40.84373	9.471851000000001	1	0.07901311
40.86303	8.558302	1	0.081864875
41.18552700000001	8.662593	1	0.08542633000000001
41.342749999999995	9.198723399999999	1	0.08351362
41.877069999999996	9.88865	1	0.075221313
42.654004	9.506354	1	0.08517261999999999
43.170857	8.3471125	1	0.07914663000000001
43.24225	15.385869999999999	1	0.07812105042825163
43.715463	14.330624	1	0.08046737504961055
43.780640000000005	7.6237243	1	0.071589304
44.244924	16.205931	1	0.08258835689217948
44.292854999999996	10.4487479	1	0.07936343332460724
44.58324400000001	7.4675024	1	0.073978654
45.209208	7.560346	1	0.07307957000000001
45.47549	7.666645	1	0.08460004
45.809216	14.1583982	1	0.0736525151486707
45.854715999999996	13.026425	1	0.08975563688767026
46.06242	18.646375	1	0.09107115445030362
46.162971999999996	7.7252585	1	0.07823834
46.28916	11.025690500000001	1	0.07518359864086961
46.76321	4.5159453	1	0.08081529000000001
46.856985	14.4148684	1	0.0712378715142551
47.482824	6.910532	1	0.0867896
47.678123	7.6827794	1	0.07411977
48.215785000000004	5.629784	1	0.07005089
48.24847	17.903681	1	0.08328441417191416
48.673500000000004	9.8960234	1	0.07366842176633413
49.13252	14.6229797	1	0.07589951484488469
49.1362	12.904981	1	0.08151006635323213
49.40924	5.9148824	1	0.076282956
49.472065	3.2984942	1	0.08515939
49.753474999999995	6.6701809999999995	1	0.08121728
49.790154	8.085674000000001	1	0.0813655
50.24935	11.1432083	1	0.07619269876243985
50.547595	13.1464726	1	0.08163277039437773
50.856440000000006	12.3870218	1	0.07607934595807962
51.03809	7.900644	1	0.08257068
51.708593	6.5178466	1	0.09070217
52.154036000000005	6.8375325	1	0.07768423299999999
52.517376	5.807069500000001	1	0.08489168999999999
52.90521	6.220944	1	0.09361164
53.309965000000005	5.3589255	1	0.09024383999999999
53.410015	4.963592	1	0.08023266
54.16028	6.2997632999999995	1	0.08451333999999999
54.16508999999999	4.344761999999999	1	0.08365049
54.362445	4.5218197	1	0.09560433
54.80202	4.117928	1	0.08527879000000001
54.931765	3.4419903	1	0.076124384
55.236826	3.1822953	1	0.08744740000000001
55.25537	5.4870325	1	0.066246702
55.45424	3.7228277	1	0.08735264
56.019335000000005	2.5760916	1	0.070752385
56.58715	4.2417932	1	0.08340467000000001
56.961613	0.42827792000000003	1	0.08819958
57.17008	0.6072022	1	0.08051055
57.185698	1.8186727	1	0.08279962
57.29775	0.6707050999999999	1	0.10123783
57.388744	0.66388875	1	0.0864526
57.588350000000005	0.9706568999999999	1	0.09394657000000001
57.8096	0.40647436000000003	1	0.09876660000000001
58.389307	8.270142700000001	1	0.073835202
58.647568480000004	8.443505	1	0.06805241000000001
59.126991700000005	9.448930599999999	1	0.07979953
59.20318994	7.721667	1	0.064161094
60.038655600000006	8.215446	1	0.08004025999999999
60.183363400000005	8.420824999999999	1	0.076166634
60.8462747	5.370124	1	0.08965108
61.772670600000005	8.6731654	1	0.07965091
62.352143000000005	8.0425066	1	0.08856983
62.91522500000001	8.507833999999999	1	0.08242253999999999
63.0834885	5.821878	1	0.07760022
63.220343	9.163687	1	0.07795199800000001
63.749354700000005	8.8276845	1	0.07917560000000001
64.20733800000001	8.61932	1	0.07816136
64.9867626	8.068568	1	0.08110761
65.12090160000001	8.737521000000001	1	0.07925503
65.34048340000001	5.937938000000001	1	0.07454083
66.0130395	5.7080096000000005	1	0.07082264399999999
66.100909	5.0518790000000005	1	0.09763706999999999
66.360378	6.5855896000000005	1	0.09667701000000001
66.64443630000001	7.9646289999999995	1	0.064978004
67.12466900000001	8.185364	1	0.077798236
67.3526855	7.476421	1	0.071140383
67.414268	7.436391	1	0.08052623
68.116968	7.821631	1	0.07701944599999999
68.329575	4.638024	1	0.07694408
68.38813400000001	7.630418	1	0.08146548
68.509917	8.363737500000001	1	0.082300585
69.169517	6.7639613	1	0.08307327
69.383729	7.856228	1	0.08877394999999999
69.642657	8.106975	1	0.08405589
70.044048	8.091235	1	0.07702434
70.407711	7.742184	1	0.08408519
70.583279	7.740412399999999	1	0.0781234
70.805825	7.4106413	1	0.072928923
71.254054	7.246589	1	0.076532513
71.52224000000001	6.3661639999999995	1	0.08272646
71.910821	7.769325	1	0.08225941
72.42167500000001	7.257315	1	0.07897101000000001
72.512994	7.0610034	1	0.06685737
72.922791	6.3897943	1	0.08114626999999999
73.214177	7.175650999999999	1	0.08332379
73.44371100000001	3.0345306	1	0.08765046
73.47034500000001	4.6327585	1	0.0822779
74.20319500000001	4.161648	1	0.07976443999999999
74.27328	5.619692	1	0.07966185
74.59859900000001	6.742891	1	0.08548428
75.02112500000001	6.957681999999999	1	0.08215937
75.277817	7.2867346	1	0.07605057999999999
75.524655	6.9716334	1	0.09290344
75.694976	6.532850999999999	1	0.080024665
76.46238	4.481895	1	0.082282415
76.486402	7.264055000000001	1	0.07911721999999999
76.57066800000001	7.042861	1	0.07853709
77.194886	5.193166	1	0.09240192
77.63326500000001	6.406541	1	0.0833561
77.812783	4.7852042	1	0.07486907999999999
77.870559	5.2819204	1	0.07821994
78.148964	5.211817600000001	1	0.07758587
78.24559500000001	5.188473500000001	1	0.077274707
78.470027	4.9197587	1	0.09456868
78.657084	4.8694866999999995	1	0.07944372
78.702464	3.8080865000000004	1	0.07341595000000001
79.472107	5.797716	1	0.08331042
79.751525	5.840961999999999	1	0.08390906000000001
79.996319	5.3957999999999995	1	0.09323708
80.41933700000001	5.697362999999999	1	0.08193514
80.530625	2.1710715	1	0.07282576
80.723287	5.4998404	1	0.081127295
81.621357	5.067214	1	0.09052399
81.994757	4.7724899999999995	1	0.083798235
82.183111	3.6494935	1	0.08757448
82.626237	4.831434499999999	1	0.0796165
82.921603	4.9132276	1	0.08516258
83.405035	4.414144	1	0.08937125000000001
83.778057	4.443515	1	0.07388429
84.17049200000001	4.288676000000001	1	0.07685963
84.700737	4.212363	1	0.10656309
84.783483	4.4061416	1	0.07523880299999999
85.35151	1.7023487000000002	1	0.068551074
85.919233	3.2544202	1	0.07680223
86.180113	4.24478	1	0.09068854
86.650639	3.1138223	1	0.09211509999999999
87.20729700000001	1.9902535	1	0.07788223999999999
87.25596200000001	1.0999979	1	0.095235845
87.567077	2.715969	1	0.0868128
87.79542900000001	1.6277670999999998	1	0.071462495
88.396774	3.4060734999999998	1	0.08300465
88.68697399999999	3.2263672	1	0.0830219
89.26738649999999	3.5131463000000003	1	0.09105703999999999
89.3728852	1.5402383	1	0.10719930000000001
89.8335948	2.1715195	1	0.12057736499999999
89.9934835	2.920141	1	0.09721990999999999
90.403498	2.6049083	1	0.10226877000000001
90.5143296	2.660038	1	0.0781821
90.82208399999999	2.5499836	1	0.08795428
91.37388999999999	2.2869268000000003	1	0.08933471
91.6068277	2.5650256999999996	1	0.089734895
91.8326644	1.4926346	1	0.06827879
92.060082	2.2221235999999998	1	0.087080775
92.0657212	2.3536737	1	0.0823521
92.50507999999999	1.2271468	1	0.09242845
92.5833974	2.6663514999999998	1	0.09053802
92.85121099999999	1.6088444	1	0.09219147
93.79551359999999	1.6357449	1	0.09095602
93.85118849999999	1.8948303	1	0.08283584999999999
93.9154167	2.2284783	1	0.06988619
93.9680386	1.9774748	1	0.10035575999999999
94.6974534	1.8392715000000002	1	0.09695540000000001
94.74011549999999	0.9268325	1	0.09446513000000001
94.8260964	1.3058136	1	0.071237953
94.934574	1.14527375	1	0.08235318999999999
95.5731416	1.9803543000000001	1	0.1038969
95.795695	1.0746708	1	0.1200668
96.00595	1.6265176000000001	1	0.1117599
96.34681049999999	1.7512912999999999	1	0.10696572
96.59682	1.5110694999999998	1	0.072594527
97.23739699999999	0.7194098	1	0.08107779000000001
97.31905499999999	1.0519042	1	0.10978303
97.4129564	0.90125225	1	0.074244975
97.937698	0.8391474	1	0.10645091500000001
98.17706299999999	0.894401	1	0.098327575
98.462099	0.39099500000000004	1	0.09121539
98.74753799999999	0.6789379	1	0.08858674
99.30578899999999	0.56920506	1	0.08949706
100.04121599999999	0.43283799999999995	1	0.09581643000000001
100.250924	0.40364302999999996	1	0.09282406
100.39227899999999	0.3191659	1	0.09287780000000001
100.72985399999999	0.26734056	1	0.09497775
101.503962	0.20509083	1	0.08830627
102.18808	0.154382745	1	0.066537177
146.209991	0.0	1	0.5240603433768911
