distance_from_base_(mm)	lateral_root_length_(mm)	order	averaged_diameter_(mm)
0.0	0.700234	1	0.09048545999999999
0.0	1.1534516	1	0.08615598000000001
19.595363	8.276907	1	0.07553797999999999
19.706781	7.007398	1	0.05882623
19.84375	9.876934	1	0.074486365
20.139096	51.071760999999995	1	0.23838044232565936
20.477653	54.041706000000005	1	0.1628175479838725
20.703037000000002	19.320517000000002	1	0.07034085793171244
20.888555000000004	57.015648	1	0.1546227351889734
20.93814	45.31753500000001	1	0.15864266517141676
21.0018	36.934097	1	0.09633549550690572
21.180718	50.887445	1	0.16730638434688716
21.341079999999998	17.5031616	1	0.07808220593123612
21.544063	37.560089	1	0.07997001545074593
21.667597	36.395907	1	0.09288783188357912
21.736376	47.901004	1	0.13673230301549774
22.841665999999996	49.85422199999999	1	0.13075439564502725
22.865454999999997	39.454948	1	0.14381030062321765
22.95135	42.767335	1	0.09219166182442232
23.180139999999998	14.820643099999998	1	0.08030303588945531
24.298334	16.130536	1	0.0813514809833765
24.494948	40.738946	1	0.12972038670464256
25.929549	4.4196713	1	0.0734476
25.931382	32.852333	1	0.10553788808270867
25.941958	5.089519	1	0.07270979999999999
25.959144	35.6631761	1	0.12989134637358057
26.021934	23.424009	1	0.11330051743988699
26.060734	44.979853	1	0.131432879132566
26.131039	27.8489046	1	0.12634585162018291
26.196644	33.824540999999996	1	0.07883244907748103
26.28721	11.256575699999999	1	0.07225259402524918
26.359607999999998	12.160994299999999	1	0.06261507421648287
27.068762999999997	2.0907599	1	0.061935779999999996
27.164464000000002	29.398109499999997	1	0.11102498105671638
27.383049	12.717286900000001	1	0.06905051701983385
27.425877999999997	7.563567	1	0.05824737046709734
27.57689	21.914936400000002	1	0.11122066545364193
27.644532	11.9528538	1	0.06828516646831992
27.696352	24.5244502	1	0.0957100510067372
27.757489999999997	9.9077317	1	0.07889717732856404
28.420556	5.0944888	1	0.08347402108702803
28.572178	1.8735126	1	0.07650136
28.655381000000002	1.3370681000000002	1	0.078026284
28.671045	11.4288494	1	0.0773483039835223
28.779322999999998	26.278385399999998	1	0.09695589982350246
28.819926	11.1808515	1	0.07296563569584152
28.879004	7.9679158999999995	1	0.07960834273823134
28.906062000000002	20.7613415	1	0.09088410567305401
28.915408	10.2961657	1	0.09341590056742968
29.321532	6.2010337	1	0.08036005970331492
29.427039999999998	9.165600699999999	1	0.08110591565175143
29.909346	15.9847852	1	0.08321845520510905
30.08856	18.9057981	1	0.08403285098351723
30.141258	18.1293213	1	0.07862146135233776
30.178530000000002	8.52896	1	0.0800377418065729
30.18537	7.803397599999999	1	0.07206717265890232
30.440803000000002	6.9679079999999995	1	0.07548554772923166
30.898974	7.660819399999999	1	0.16442169703226497
31.61225	8.800138	1	0.0744104228526489
31.766765	6.3242312	1	0.07942232795602222
31.813972	7.6130473	1	0.11166776726385608
32.267478	12.431101	1	0.08202705186876366
32.492762	6.882124899999999	1	0.0773479537417164
32.749987	25.653264800000002	1	0.10724649142029143
32.798345000000005	4.7094467	1	0.0883956249135821
33.436732	5.6441300000000005	1	0.07964927250278607
33.665612	4.3048649999999995	1	0.08788340077121072
33.730874	3.4252739	1	0.09596388417694014
33.76952	3.3032806	1	0.0809162928089512
33.883135	5.4974212	1	0.08550380396609378
34.145057	1.70955792	1	0.08673343195785634
34.2166	2.8027835000000003	1	0.07959780381505208
34.322681	2.59628264	1	0.07901456858871383
34.554362	0.8923245000000001	1	0.10780121000000001
34.67572	1.94589866	1	0.07229266755317422
34.962652	1.5657909	1	0.08206603999999999
34.962652	1.3107997	1	0.10380715
35.359013	12.9894872	1	0.06833919944531532
35.505041	15.740814799999999	1	0.08189528832529623
35.609342	13.3734996	1	0.08249399101878316
36.005708	12.9312562	1	0.08084958719041649
36.047432	14.157435399999999	1	0.08969488365229031
36.276902	12.8936605	1	0.07861980670458671
36.276902	13.738444	1	0.08450155090411694
36.5897897	16.7229017	1	0.14142405813398615
36.983969599999995	11.9171191	1	0.08555511072563352
37.1598737	12.5738877	1	0.08247537777363766
37.225152	14.965624299999998	1	0.08371627292375167
37.467260599999996	14.6169752	1	0.08016800370232494
37.670808	15.518184	1	0.06785016114041244
37.683523	10.2238164	1	0.072923375285723
37.7572143	16.136167	1	0.08913771420065868
37.851659999999995	7.7193491000000005	1	0.08071597201294899
38.0537244	10.1248219	1	0.0777418116348978
38.1014287	8.532405	1	0.07337493577760823
38.2085645	8.9651456	1	0.08767439727000768
38.4995454	10.3022449	1	0.08406545427593252
39.056052	10.0964511	1	0.08580172389259154
39.2311832	1.0920112	1	0.073686778
39.2513	10.4729005	1	0.10038746118500555
39.3925878	2.8582644000000004	1	0.066174506
39.4207927	4.2256218	1	0.08714983000000001
39.6054464	0.8457334	1	0.09534340000000001
39.8593768	5.515295999999999	1	0.08723153
39.861124	7.1607974	1	0.09528817110943706
40.08005	5.66099	1	0.09567653000000001
40.857897	6.30967505	1	0.1323251844210925
41.326244	5.639425	1	0.2307371
41.566863999999995	2.7401888000000003	1	0.09163137
41.764649399999996	4.438213999999999	1	0.08725907999999999
41.770928	3.4503698	1	0.084986985
42.030646	3.9619166	1	0.08370196999999999
42.186349299999996	4.9677178	1	0.11058035000000001
42.485831	2.4355504	1	0.064139594
42.488896	2.0303180000000003	1	0.072437706
43.125052	2.7386179999999998	1	0.0857618
43.394949999999994	2.6537997000000004	1	0.09479853999999999
43.456424	4.3978912	1	0.08249483
43.515959699999996	4.235361999999999	1	0.0809755
43.517735	1.1707184	1	0.11088472
43.6760637	1.7267323	1	0.11098527999999999
43.813236599999996	3.9856597999999996	1	0.2039027
43.884462	3.3719638	1	0.070011197
43.954509	1.9944106000000001	1	0.09055039000000001
44.166632	2.5875252	1	0.118788835
44.258612	1.4841938	1	0.1761478
44.902452	0.7213272	1	0.113699995
44.994462	2.005179	1	0.11638379000000001
45.209086	10.991305	1	0.077540968
45.209086	7.271392	1	0.11357276
45.209086	23.5364	1	0.29977143
45.209086	0.61878253	1	0.2567636
45.685446	10.700658999999998	1	0.08117041
45.967736	3.7643164000000002	1	0.08056237000000001
46.3029546	13.475010000000001	1	0.076655583
46.320596	22.591378999999996	1	0.22887625
46.438806	26.22061	1	0.29960919999999996
46.6558155	10.61356	1	0.0884105
46.809429	9.020861	1	0.20478643000000002
46.8799359	18.969576	1	0.20145106999999998
46.9692918	4.6050724	1	0.069428473
47.0247655	8.4815127	1	0.10095944000000001
47.094201999999996	11.476398000000001	1	0.08844266
47.1591053	11.293785999999999	1	0.17740985
47.2644255	2.84794	1	0.1094613
47.292885	8.1643194	1	0.08089815
47.337612899999996	9.867404	1	0.08149458
47.369698	7.5475615	1	0.07407620000000001
47.3765654	20.227304	1	0.26429808
47.392752	2.3305486	1	0.325551
47.452779299999996	9.9184483	1	0.08133898
47.4787444	6.01776	1	0.09820893
48.908446	9.444869	1	0.11392002
49.0990258	19.5507	1	0.19541225999999998
49.1030148	12.194822	1	0.11168391999999999
49.1456304	21.920073000000002	1	0.23527218
49.1524163	12.898626	1	0.22266828
49.1944582	19.973007	1	0.28679138
49.214601	8.884459	1	0.12796512
49.3506894	6.342906	1	0.09657740999999999
49.3984184	18.350772	1	0.26759045
49.5544327	8.2162577	1	0.07974056
49.5859564	9.6080667	1	0.07015252
49.6294815	6.8113624999999995	1	0.072545484
50.245227	25.23774	1	0.47664480000000004
50.584475499999996	26.531298	1	0.27202638
50.64319	17.086016	1	0.25234504
50.6695116	12.428894	1	0.14660796
50.690459	8.123608	1	0.07413562
50.7056714	7.3659490000000005	1	0.10238209
50.743263	13.74071	1	0.23741884000000002
50.753854	19.816525	1	0.26814347
50.827866	4.691906599999999	1	0.08120402
50.922985	5.7172540000000005	1	0.09171403
50.996808	2.701056	1	0.074048582
51.045221	17.223527	1	0.20882493
51.179024	19.407107	1	0.23932572
51.204955	17.343922	1	0.3170465
51.2358493	3.4005132	1	0.07211608
51.308465	8.678187000000001	1	0.2515595
51.322514	3.1679118	1	0.1935673
51.3437254	7.4142736	1	0.1921512
51.4656234	16.765362	1	0.29104142
52.5365234	15.86124	1	0.248269
52.5365234	0.0	1	1.153307317672283
2.9831535	4.183742	1-6	0.07825672
3.6153722	4.170157	1-6	0.062485889999999995
4.0887773	4.3819767	1-6	0.07708199
4.9258562999999995	3.7462289999999996	1-6	0.06856229
5.5743504	3.1065196	1-6	0.07714846
5.990416400000001	2.9847383	1-6	0.076828175
6.341932999999999	4.1989198	1-6	0.06592789
6.5746	4.0351358	1-6	0.068223462
6.761678	4.9005398	1-6	0.06511745000000001
7.2367984	4.7046995	1-6	0.066593955
7.4473053	4.2603382	1-6	0.08570063
7.547751700000001	4.2568183	1-6	0.062437574
8.1192774	2.6499987000000003	1-6	0.075973226
8.455289	4.3494028	1-6	0.07792702
9.068575	1.9600005	1-6	0.070305737
9.1291165	2.9619992	1-6	0.06470371
9.692244500000001	3.803668	1-6	0.068573183
9.9669474	4.1635573	1-6	0.062335785
10.475262	3.9539057	1-6	0.08191934999999999
10.529724	4.507867	1-6	0.06948995000000001
10.627803	4.5721912	1-6	0.062397025
11.309514	4.7387528	1-6	0.076029943
11.764885	3.9038806999999998	1-6	0.07525517
11.962497	3.8906406999999996	1-6	0.07911331
12.764578	3.428269	1-6	0.06259136
12.797927	3.957055	1-6	0.07392366
13.341683	2.9800662	1-6	0.066793044
14.189248000000001	2.5358063	1-6	0.06798337
14.218969	2.2197245	1-6	0.06898251
14.660405999999998	1.3324675	1-6	0.1031897
14.878091	3.0975643	1-6	0.06654003
15.032661000000001	1.3606869	1-6	0.08010123
15.879275	0.41937828000000005	1-6	0.09876861
16.4798901467	3.5546759999999997	1-6	0.07643861
17.1859943	3.2485425	1-6	0.07311152
17.5841753	3.5389346	1-6	0.06974848
18.1051755	2.9828775000000003	1-6	0.08168885000000001
18.5223298	3.4015787	1-6	0.087105455
19.2419164	2.8599823000000004	1-6	0.08688420000000001
20.0076215	2.1965453	1-6	0.05885746
20.3157408	3.20165	1-6	0.07202366
20.63222	2.7203968	1-6	0.07189053
21.138382	2.6099515	1-6	0.069182804
21.652804	2.849968	1-6	0.08658562
22.2593255	2.1948059	1-6	0.069502373
22.5056775	2.9804194	1-6	0.070916223
22.772069	2.6771632	1-6	0.07586396
23.3165534	2.4861713	1-6	0.08492217999999999
23.652726	2.8014802999999997	1-6	0.08141562999999999
24.5723124	1.4069068000000002	1-6	0.0946052
25.096588	2.0479341	1-6	0.072829803
25.87284	1.1033235	1-6	0.09135494
26.337913999999998	0.6971323	1-6	0.06710272
26.433948	1.2471954	1-6	0.075287935
26.5436059685	0.6257515	1-6	0.08573459
26.955025	0.51561207	1-6	0.08459954
27.148585	0.16932663	1-6	0.08989725000000001
27.596225	0.21826984	1-6	0.068831635
28.048264	4.386303	1-6	0.0743364
28.276254	4.3886933	1-6	0.07137674
28.8733953	3.83204	1-6	0.07123858999999999
29.7360921	4.3150458	1-6	0.06777918
30.034416	4.1693497	1-6	0.07211015
30.6622057	4.218808	1-6	0.073009045
31.111381299999998	4.073459199999999	1-6	0.07845295000000001
31.3479777	4.1182606999999996	1-6	0.07760485
31.7231633	3.9114144	1-6	0.076863174
32.3379215	3.144909	1-6	0.072840103
33.118435	3.4471667	1-6	0.07233342599999999
33.472774	3.3981982	1-6	0.08627531000000001
34.162022	2.1417566	1-6	0.07314389
34.2638614	2.5402033	1-6	0.07849683999999998
34.7513123	3.3983424	1-6	0.07346402
34.8128154	2.6388484	1-6	0.076415166
35.3221377	1.0654948	1-6	0.076321545
35.4130914	3.1288442	1-6	0.075075584
35.8575585	3.2088003	1-6	0.075057885
36.271105	2.4401207	1-6	0.08420204
36.480662	2.5906593	1-6	0.07777856
36.523605	2.4133101000000003	1-6	0.069235363
36.761042	2.859174	1-6	0.07876364
37.3133757	2.7820563	1-6	0.08046997
38.181096	1.2544078	1-6	0.06803293
38.403033	2.1455954	1-6	0.08074411000000001
39.042319	1.3551526	1-6	0.069441395
39.56562	1.8635929	1-6	0.071674935
39.838997	1.8669126999999999	1-6	0.08100523999999999
40.101544000000004	1.032787	1-6	0.08133718999999999
40.311659	1.0055418	1-6	0.07273895
40.697548	0.6252731	1-6	0.08981938
41.141244	1.02625296	1-6	0.08152751
41.200164	0.46863160000000004	1-6	0.0761656
41.731671	0.6396153	1-6	0.07745033999999999
41.843928000000005	1.3955423	1-6	0.06536308
42.781236	0.8582158	1-6	0.071343603
42.850968	1.2897424	1-6	0.08965857
51.071760999999995	0.0	1-6	0.08965857
14.741048000000001	4.103796	1-10	0.07422355
15.370793200000001	3.528504	1-10	0.09094526
15.745759240000002	3.3905855000000003	1-10	0.06635804000000001
16.1061294	3.7896785	1-10	0.07873325
17.039895700000002	3.5634986	1-10	0.08133839000000001
17.0746539	3.5670805	1-10	0.070431074
17.752494000000002	3.3505073000000003	1-10	0.072420784
17.831238300000003	2.9934156	1-10	0.073395716
18.4410025	2.7223914999999996	1-10	0.073673986
19.0989152	3.3379754	1-10	0.074796593
20.170539	3.1656313000000003	1-10	0.065219468
20.2866475	2.3716483	1-10	0.07764478
21.160537400000003	1.1444519	1-10	0.10427507000000001
21.407020000000003	1.7784369	1-10	0.072318176
21.440242	1.5008235	1-10	0.09363882000000001
21.716324	1.5871780999999998	1-10	0.08990015000000001
21.8014924	0.9345389	1-10	0.07652308299999999
22.1461365	0.47554374000000005	1-10	0.08250663
22.780841000000002	0.7919813	1-10	0.08803865
26.572441	3.2698643	1-10	0.0840453
27.0465479	2.5253799999999997	1-10	0.08674761
27.2493066	1.323016	1-10	0.07522003000000001
27.532400000000003	1.9253933	1-10	0.07431486600000001
29.881109600000002	1.593512	1-10	0.078919465
30.0530413	1.4738603000000001	1-10	0.070527815
30.193315000000002	2.5690782	1-10	0.068328306
31.1643154	2.0031069	1-10	0.072358274
31.4379925	2.5218730000000003	1-10	0.070533473
32.5850993	2.1445215	1-10	0.08239221999999999
33.468103400000004	1.8453531	1-10	0.07231536999999999
34.23147	1.2400419	1-10	0.06710329
34.275824400000005	0.8211517	1-10	0.07355890200000001
34.74528	1.2049941	1-10	0.07626274
34.880165500000004	0.9363187000000001	1-10	0.076279794
35.749031	0.7280549999999999	1-10	0.09181659
36.419824	0.93999945	1-10	0.08482359
36.875137	0.24454448	1-10	0.07986181
45.31753500000001	0.0	1-10	0.07986181
23.3740296	1.8316376	1-11	0.06177671
26.395155879999997	2.5341794	1-11	0.08563053
26.69462208	1.7517224	1-11	0.076277186
27.0931621	2.3497365	1-11	0.08417804
27.272725599999998	1.707884	1-11	0.08766088999999999
28.1499558	1.9825941	1-11	0.07565807
28.409347	1.3291587999999999	1-11	0.07166302000000001
28.834545	1.5127376000000001	1-11	0.07951595
36.934097	0.0	1-11	0.07951595
15.942767199999999	3.4171810000000002	1-12	0.08487824999999999
16.1596573	2.7527112	1-12	0.08977888
16.1877247	0.3365518	1-12	0.0904898
17.3256395	2.9354322	1-12	0.077389837
17.9399694	3.2067522	1-12	0.08181726
18.4074048	3.4769896	1-12	0.07964916500000001
19.4188276	2.6262334	1-12	0.07100186
20.873752	3.2126367	1-12	0.07723548
21.745727	0.18219158	1-12	0.095246555
24.39663	1.4187401999999998	1-12	0.080826795
24.943012	0.7538224	1-12	0.072822287
25.622175999999996	0.8789467	1-12	0.06042853
25.752316	1.20281614	1-12	0.075617507
26.641121	1.4729273	1-12	0.06362782
29.9471478	3.5956174	1-12	0.07523725
30.942987	3.0438127999999995	1-12	0.064518135
31.537638199999996	1.8599136	1-12	0.07178272000000001
31.5465783	2.962437	1-12	0.06529009
32.722373	1.8245708999999999	1-12	0.074796192
33.205999	1.4473769	1-12	0.077378997
33.488017	2.9244635000000003	1-12	0.073361415
34.2231496	1.9283469	1-12	0.07945947
34.826195399999996	0.6634384999999999	1-12	0.08158554999999999
35.01679	2.4454486	1-12	0.07488370400000001
35.6135155	1.9938812000000001	1-12	0.07191524
35.9215356	1.865878	1-12	0.06695075
36.452859	1.4466196	1-12	0.0733098
37.453147	0.98924704	1-12	0.06104974
37.838812	1.2520840999999998	1-12	0.06640085000000001
38.478851	0.45910604	1-12	0.071182987
40.066874	0.42908250000000003	1-12	0.058190756999999996
40.193106	0.43295372	1-12	0.069664377
50.887445	0.0	1-12	0.069664377
25.67680491	0.09437792	1-15	0.057026552999999994
26.04858855	1.5763105	1-15	0.064806207
27.070392800000004	1.1310058	1-15	0.075734905
29.073322500000003	1.5483907	1-15	0.08576129
36.395907	0.0	1-15	0.08576129
14.340017	2.9557157	1-18	0.070280405
14.753459549999999	2.9781833000000004	1-18	0.069953315
16.2181993	3.0372375000000003	1-18	0.0728454
16.2309095	2.952206	1-18	0.07325741999999999
16.5972893	2.7634215	1-18	0.07626052999999999
16.8625464	2.7974516	1-18	0.06054942
18.0968528	2.7901414000000004	1-18	0.09908467000000001
18.5055246	2.0826401	1-18	0.06955836
18.6816813	2.2810777	1-18	0.06581229
19.6288045	2.7265567	1-18	0.069621704
19.9446865	2.0653352	1-18	0.058898437000000005
20.050962	2.4044341	1-18	0.064506726
20.8318736	1.866812	1-18	0.06166344
21.173327	1.8121701000000001	1-18	0.06300261700000001
21.470943	1.4193608	1-18	0.059450539999999996
21.492176999999998	1.5688327	1-18	0.08248122999999999
22.2927894	1.8136112	1-18	0.07540356
22.388914	1.5130716999999998	1-18	0.072714793
23.192954999999998	1.7536777000000001	1-18	0.06823883
23.863273399999997	0.6990389499999999	1-18	0.060013654
23.878491699999998	0.8067536	1-18	0.070131007
27.7618994	1.8843855	1-18	0.09217486999999999
29.2914253	1.990036	1-18	0.08926346
29.938575200000002	1.9143085000000002	1-18	0.070142206
30.828466600000002	1.4051446	1-18	0.074961875
31.513366	0.75840056	1-18	0.074176416
31.9980626	0.20689992000000001	1-18	0.068859425
39.454948	0.0	1-18	0.068859425
22.783068	1.581066	1-19	0.070066727
23.80796085	0.76839775	1-19	0.060157375
24.107457	0.33189848	1-19	0.07843987
24.4808692	0.587851	1-19	0.074893464
25.2064455	0.5001454000000001	1-19	0.06310053
25.5780398	0.20903425	1-19	0.073831067
26.1952792	0.7400608	1-19	0.060378619999999994
42.767335	0.0	1-19	0.060378619999999994
15.2835794	1.17157064	1-27	0.071261916
16.5277904	0.50794855	1-27	0.08994085
23.424009	0.0	1-27	0.08994085
0.266856	5.004782	1-58	0.07367739499999999
1.6617857	4.1678843	1-58	0.07096634
2.4365984	4.1926426	1-58	0.07568514999999999
2.4551153	1.4809394	1-58	0.06068352
2.8711492	3.024894	1-58	0.06631171
3.109165	2.4508283	1-58	0.08943183
3.4004997999999995	1.8984675000000002	1-58	0.08686077
4.0066698	1.3199084	1-58	0.07333167
4.0296503999999995	1.2837213	1-58	0.11117547
7.660819399999999	0.0	1-58	0.11117547
3.5644004000000002	1.0881596	1-61	0.077214544
4.0300274	1.3236058000000002	1-61	0.07182743999999999
4.66953	0.2367548	1-61	0.13383691
7.6130473	0.0	1-61	0.13383691
4.2395154	2.860246	1-84	0.07247876
4.6216747	1.7048554	1-84	0.0791441
7.8830403	0.6450496	1-84	0.070409426
8.421806	0.44117850000000003	1-84	0.073449872
9.255863	1.6547208	1-84	0.08232232
9.5250136	1.2515602000000001	1-84	0.063115642
10.324416999999999	1.5546440000000001	1-84	0.06479045
13.738444	0.0	1-84	0.06479045
1.7145937999999998	0.6089534	1-106	0.05817961
2.8413105	0.8458752	1-106	0.053749979999999996
2.8432155	1.7532831	1-106	0.071343677
5.66099	0.0	1-106	0.071343677
1.2113664	2.9864717	1-107	0.07789360399999999
1.6825071	1.43391	1-107	0.08686023
1.8809580000000001	2.6373008	1-107	0.07969819
2.5572669999999995	1.0814624	1-107	0.08078719499999999
2.558392	1.9144896999999998	1-107	0.075896396
3.4306723	0.48143666	1-107	0.068231355
3.8338006	0.29631237	1-107	0.05441032999999999
3.8407922	1.5563446	1-107	0.067030517
6.30967505	0.0	1-107	0.067030517
1.10253476	0.47626488	1-121	0.10727762
2.2926687	1.9839202	1-121	0.072794585
2.8479284	0.6237686	1-121	0.074709696
3.5615635	0.33109695	1-121	0.075484705
1.7267323	0.0	1-121	0.075484705
0.56855027	2.553268	1-125	0.07064705
2.5875252	0.0	1-125	0.07064705
0.62748	0.596115	1-129	0.11883110000000001
1.8824504	1.7585549999999999	1-129	0.056531163999999995
10.991305	0.0	1-129	0.056531163999999995
1.5168595000000002	0.6301371	1-136	0.10880694999999999
22.591378999999996	0.0	1-136	0.10880694999999999
3.7919294999999997	1.0889079	1-139	0.08749148999999999
4.6870098	5.884448	1-139	0.06995143399999999
4.7851837	4.5566303	1-139	0.05837402
5.1096474999999995	0.672345	1-139	0.08403284999999999
6.203874000000001	0.578979	1-139	0.076486534
9.020861	0.0	1-139	0.076486534
4.9551147	0.2423947	1-143	0.07405201
11.476398000000001	0.0	1-143	0.07405201
1.6913179	2.622638	1-156	0.07993697
21.920073000000002	0.0	1-156	0.07993697
1.1174865999999999	1.0217596599999998	1-157	0.073452094
1.4079334	2.4625261000000003	1-157	0.06441239
4.6855104	2.4865292	1-157	0.07863056
5.009365	1.9050987	1-157	0.076244455
5.198114499999999	4.3199313	1-157	0.064149066
6.1721766	1.672183	1-157	0.059196830000000006
6.3262149999999995	1.0749379000000001	1-157	0.08068324
6.728321	0.9350153	1-157	0.07985419
6.761194000000001	1.2891830000000002	1-157	0.07995203
7.585389	1.4111888000000001	1-157	0.07408221300000001
7.6146877	0.18072743	1-157	0.12152342
8.0322737	1.1531128	1-157	0.07795233
8.111191	0.9110883000000001	1-157	0.07774301
9.045708999999999	0.53063754	1-157	0.0893911
9.681965	0.8465893	1-157	0.08460126999999999
10.406021	0.54568235	1-157	0.08835729
11.105822	0.5194423	1-157	0.08396158000000001
11.617474999999999	0.40304415000000005	1-157	0.076548266
12.979232	0.2727054	1-157	0.08466938
13.559035	0.57421453	1-157	0.09666518
13.722994	0.6093202	1-157	0.0975066
12.898626	0.0	1-157	0.0975066
2.5788974999999996	0.8313362000000001	1-160	0.08320166000000001
3.5632354	0.54390706	1-160	0.08367788
6.130344	0.43095555	1-160	0.09780015
6.342906	0.0	1-160	0.09780015
2.11266	1.5822116	1-164	0.076999837
7.573449	2.2301239	1-164	0.061608460000000004
6.8113624999999995	0.0	1-164	0.061608460000000004
2.2288662	0.64114965	1-165	0.08743712000000001
2.7181935	3.7826058000000002	1-165	0.07147043
2.7790394000000003	5.146481400000001	1-165	0.067277933
25.23774	0.0	1-165	0.067277933
1.1737097	2.647928	1-166	0.09372382
26.531298	0.0	1-166	0.09372382
