distance_from_base_(mm)	lateral_root_length_(mm)	order	averaged_diameter_(mm)
14.581169000000001	2.2232217000000003	1	0.06977483599999999
14.977419000000001	2.723472	1	0.070986035
15.572627	8.2183	1	0.09055242
15.752455999999999	3.822374	1	0.06677392
16.148381999999998	19.9758815	1	0.07936080647388247
16.839774000000002	7.405107600000001	1	0.07520467
17.181937	6.448539	1	0.08578789
17.349988	10.4551217	1	0.06892879975039667
18.021819999999998	4.086456	1	0.073193284
18.312896000000002	7.529996	1	0.07996061
18.719828	6.387779	1	0.08865345
18.743664	5.830602000000001	1	0.08060764
19.15194	7.806763	1	0.08182287999999999
19.379575	2.715209	1	0.078042643
19.50056	8.643607	1	0.077955998
19.79709	5.9101695	1	0.068369857
19.886906	4.7191298	1	0.076076025
20.317989999999998	5.430243	1	0.07946769
20.39508	8.2812023	1	0.08351212
21.069522	8.009635000000001	1	0.07509589
21.082833	8.5946465	1	0.08640131000000001
21.294565	7.2994256	1	0.07633849
21.507469999999998	8.3263403	1	0.075065475
21.556753999999998	8.3753175	1	0.08452486000000001
22.033541	7.4707216	1	0.08322154999999999
22.464368	5.47058	1	0.067189108
22.559288	5.5522054	1	0.064844135
22.838707	13.815158	1	0.08135923095438646
23.086824	6.9983083	1	0.08254128499999999
23.320197999999998	6.577585	1	0.07895209
23.731215	7.036968999999999	1	0.0825153
23.837023	7.566762000000001	1	0.08077016
24.312792	7.9864049999999995	1	0.09150360999999999
24.661236	7.2472316	1	0.08144889000000001
24.992287	4.153108	1	0.09529025999999999
25.320444000000002	7.3575990000000004	1	0.08623719
25.94761	6.722711	1	0.078016142
26.126334999999997	6.143084	1	0.08362771999999999
26.179016	6.725550999999999	1	0.076057254
26.310673	7.0222485	1	0.075576482
26.45775	6.5931994000000005	1	0.07867849999999998
26.823647	6.7922044	1	0.077138394
26.823909999999998	6.813766	1	0.08679740999999999
27.205677	3.4452	1	0.089143375
27.404875999999998	3.5428642999999997	1	0.07193384
27.4072	1.5673012	1	0.07375318
27.544801	2.6420626	1	0.070271967
27.847966999999997	6.475894	1	0.06379067399999999
27.849216000000002	2.4503635	1	0.06800187299999999
28.588147	5.0610703	1	0.067148376
28.621836	6.574938	1	0.08698591
28.663762	5.8948860000000005	1	0.09158703500000001
28.706162000000003	6.709815	1	0.07947815
28.862875	7.2343519999999994	1	0.08413415
29.62602	3.580391	1	0.067928373
29.647386	3.8366136	1	0.09802182
30.032146	8.4384245	1	0.07852063
30.231996	7.536839	1	0.07506700699999999
31.123910000000002	6.1176175	1	0.074627274
31.369991000000002	6.589346000000001	1	0.07675037
31.585006999999997	5.0882320000000005	1	0.08781170499999999
31.863096	1.9132327	1	0.0819311
32.029665	6.707629600000001	1	0.08782111000000001
32.16986	8.3820707	1	0.08995446000000001
32.395744	6.001303999999999	1	0.08093318000000001
33.28072	3.1954013999999997	1	0.08294899
33.434079	7.428044	1	0.08353859
33.490348	4.9253514	1	0.09101984
33.806975	6.8921434999999995	1	0.08086872
33.869467	1.8795644	1	0.06854732
34.081547	6.810237	1	0.07992160999999999
34.644800000000004	5.994467	1	0.0940366
34.71492	6.551722	1	0.07439242
35.292373	6.6138770000000005	1	0.069317
35.660275999999996	5.7829934000000005	1	0.08376362999999999
36.417537	6.943099	1	0.08187702999999999
36.607513	6.983836	1	0.08338964000000001
37.108486	8.13683	1	0.08812232
37.451043	6.612553	1	0.08743005
37.456717	8.519988699999999	1	0.07641041
38.03391	6.054902	1	0.074742823
38.055227	6.4130706	1	0.08788107
38.606672	4.2461792	1	0.08351910000000001
38.640826000000004	6.8483096	1	0.09403282
39.123979000000006	3.3717158000000005	1	0.073241903
39.40887	8.203376	1	0.07381482
39.859896	3.0109673999999997	1	0.07912598
39.954705000000004	1.7946984	1	0.08929453000000001
40.060643999999996	5.175171499999999	1	0.06048917299999999
40.24738	7.135421600000001	1	0.08091361999999999
40.367129999999996	5.6087549999999995	1	0.07862701
40.422754000000005	5.4833597	1	0.09818932000000001
40.83348	6.064091	1	0.08894582999999999
41.16372	5.091694599999999	1	0.10244326999999999
41.577015	7.272844000000001	1	0.07880942
41.830087000000006	6.074308	1	0.08283573000000001
42.09151	6.1077446	1	0.09349688
42.41032	5.5453163000000005	1	0.073421192
42.534738000000004	6.6314226	1	0.0833702
43.008475	6.960875	1	0.07947702
43.556695000000005	3.0733368	1	0.07618673000000001
43.60114	6.8164706	1	0.08204186000000001
43.70932	5.848386	1	0.08768711
44.147053	6.0757416	1	0.07936883
44.147053	4.421995	1	0.0856769
44.338899999999995	6.255205999999999	1	0.08637005
44.86919999999999	5.254086999999999	1	0.077610738
45.035185999999996	5.6648266000000005	1	0.08711023999999999
45.09757	6.808302	1	0.10046389
45.195274000000005	4.707635600000001	1	0.08861289
45.410967	1.05596244	1	0.063420543
45.43355	3.6755177	1	0.074411095
45.799212000000004	5.3318113	1	0.076899817
45.96056	4.115677	1	0.08172272
46.108265	5.8247167	1	0.081042135
46.267457	5.328743500000001	1	0.08203912000000001
47.058195999999995	3.5529387000000003	1	0.08829012
47.27056	6.4223886	1	0.09196473
47.36972299999999	4.8792633	1	0.075677205
47.4995	5.989025999999999	1	0.08654666999999999
47.987638	2.8326312	1	0.09414465
48.368080000000006	6.133641600000001	1	0.08735652
48.71001	5.965023	1	0.08092815
49.03988	5.9325969999999995	1	0.08679078999999999
49.209050000000005	3.266427	1	0.08221915999999999
49.216895	6.133673	1	0.08293495
49.64487	6.00456	1	0.08260613
49.738389999999995	3.2989812	1	0.073250905
50.058656	6.42578	1	0.09290447
50.18357	1.8453528	1	0.06999723000000001
50.68612	6.139768	1	0.07948744
50.896916000000004	4.8759627	1	0.070952317
51.373186000000004	5.42315	1	0.07810641
51.39075	6.7787014999999995	1	0.09132556
51.644177000000006	5.3116699999999994	1	0.08092472
51.889896	5.244612699999999	1	0.07788371300000001
52.03859	4.177145400000001	1	0.06759691
52.368965	5.355778	1	0.07846126
52.423950000000005	3.63318	1	0.07527875
52.457833	4.9397892	1	0.08711936
52.688837	5.0397724	1	0.08077016
52.94763	3.7718545999999997	1	0.08024411000000001
53.25039	4.5111	1	0.07342962
53.53231	2.705309	1	0.07784751000000001
53.822713	4.071424	1	0.07228770300000001
53.98384	3.781922	1	0.08498385
54.405437	2.7765873	1	0.08995543
54.54844	3.161962	1	0.08006637
54.841847	2.4970633	1	0.058534
54.963255000000004	1.6988374	1	0.08915612
55.214467	1.5716714	1	0.07421311
55.47601	1.0758622	1	0.078030806
55.958633000000006	3.3731836	1	0.09091589
55.962996000000004	1.0738476	1	0.08976326
56.111000000000004	0.74363574	1	0.09076319
56.40708	6.374748	1	0.0831198
56.40708	5.7577750000000005	1	0.08133014
56.69888	5.5865730000000005	1	0.07188183
57.10745566	6.764586	1	0.08259456
57.348426	5.837161	1	0.09192844
57.464148200000004	7.1692663	1	0.07567120299999999
57.6265098	5.736661	1	0.073926365
58.0783185	5.800986999999999	1	0.072136167
58.1575161	5.284771	1	0.10122957
58.4885806	5.2584696	1	0.06802027599999999
59.0259346	5.454797999999999	1	0.07824262
59.227069	7.248932999999999	1	0.08489829500000001
59.337573	5.928451	1	0.07819937
59.4563216	6.470115	1	0.07371727
60.063046	4.8465595	1	0.07699195
60.148487700000004	6.583626000000001	1	0.074179224
60.3991062	7.119803	1	0.076523074
60.6312662	5.339798999999999	1	0.08912001
61.0222578	5.170314299999999	1	0.08741319
61.688527	6.271812300000001	1	0.085909255
61.756583	5.897373	1	0.07738339999999999
61.7821404	5.8999634	1	0.08074734
62.285583	5.228390699999999	1	0.07430793699999999
62.3849806	5.5772555	1	0.07515836
62.83397	4.9625722	1	0.08159135499999999
63.147252	5.053093400000001	1	0.08758023000000001
63.294561	6.802943	1	0.077369395
63.415577	6.474881	1	0.08418939
64.019963	4.999003	1	0.09407534000000001
64.187997	7.3783326	1	0.072228634
64.284	5.5234974999999995	1	0.08965838000000001
64.7598115	4.5290184	1	0.09386259
64.80031	4.9092305000000005	1	0.09076637
64.8790416	5.644504	1	0.08945586
65.2159426	5.3493804	1	0.072691785
65.269645	4.3752098	1	0.06363506399999999
65.3948125	5.726222	1	0.08033546000000001
65.664294	5.269016	1	0.075662187
65.719014	2.506335	1	0.08510452
66.1918107	5.5134289999999995	1	0.07767577
66.218439	6.8368150000000005	1	0.08812234000000001
66.716136	6.672156	1	0.07881714999999999
67.257903	6.020966	1	0.06900531700000001
67.34984	4.532109	1	0.08045863
67.43028	6.713982	1	0.074196574
67.637619	4.3757980000000005	1	0.08216243
67.818952	5.3936505	1	0.065769753
68.264904	4.4736683	1	0.07897799
68.616575	4.9936897	1	0.08005762
68.764513	5.4151314	1	0.07830362
68.911573	4.9828005	1	0.07730624
69.256418	5.6874007	1	0.08709209000000001
69.522902	5.5464077	1	0.096353
69.763328	5.1703779999999995	1	0.08461563999999999
70.123326	5.207635000000001	1	0.08563796
70.240478	5.039753300000001	1	0.08650952
70.424704	5.1660293	1	0.08236876000000001
70.772435	4.9871	1	0.08706285
71.116494	4.6177235	1	0.074424306
71.789455	5.0641656	1	0.07880316
71.961236	5.666994	1	0.083506685
72.056163	5.400231	1	0.08144457000000001
72.71533	5.668988000000001	1	0.07536018
72.938302	5.790027	1	0.074835513
72.979434	5.729402	1	0.07949733
73.67912799999999	5.6428677	1	0.08108251
73.691632	5.648657	1	0.075053587
73.849721	6.756494	1	0.06759375
74.488732	5.661613	1	0.07838334000000001
74.54720900000001	6.985180399999999	1	0.07463875
75.160549	5.081249	1	0.07676314000000001
75.440358	6.127794	1	0.07499131
75.449804	2.682239	1	0.07690435
76.099699	5.625639	1	0.06869084
76.388072	3.7476545999999997	1	0.077183256
76.452046	6.030481	1	0.07713545599999999
76.85081	6.0899055	1	0.075607174
76.892853	3.6642408	1	0.07853023
77.14827	5.919477	1	0.070332643
77.200513	5.568239999999999	1	0.07569020600000001
77.33818	5.683973399999999	1	0.07989191
78.084095	5.1776373	1	0.08108371
78.105338	5.754885	1	0.073275883
78.363657	6.256632	1	0.07965896
79.06617	3.5125056	1	0.073833703
79.312744	5.872899	1	0.07504477
79.66239999999999	5.6766814	1	0.08060529
79.733408	6.107723	1	0.07977005000000001
80.142448	6.1308545	1	0.09136553
80.70097	5.4127187	1	0.07747814
81.26643200000001	5.8217233	1	0.07829277000000001
81.573735	5.775715999999999	1	0.076607643
82.12826	5.786802	1	0.07135179999999999
82.441929	5.170734	1	0.08622078999999999
82.81509700000001	6.4393646	1	0.07572386
83.36816300000001	5.2179646	1	0.08581976
83.68971	3.7098052999999998	1	0.07944704999999999
83.909252	2.8947374	1	0.07869614
83.99687800000001	6.0838413000000005	1	0.08167329
84.233857	4.1802743	1	0.09801161500000001
84.489038	3.4467315999999997	1	0.08269294999999999
84.705057	3.0356870000000002	1	0.08583392000000001
85.431264	2.8372687	1	0.0818345
85.432897	3.265135	1	0.06500223000000001
85.521634	1.911589	1	0.08474683999999999
86.328597	1.2450161	1	0.09241133
86.553293	1.4562078	1	0.09133102000000001
86.707745	1.5057519	1	0.0752435
87.21286	0.23382941000000002	1	0.39519575180662575
87.45866000000001	4.7733513	1	0.066233613
87.50546	5.364778	1	0.071996143
88.4653284	4.511639499999999	1	0.070304903
88.59466640000001	5.4219455000000005	1	0.07751744199999999
89.0762332	5.9960294	1	0.0757162
89.33241430000001	5.5114216	1	0.071975645
89.3368925	5.424371	1	0.076467902
89.60676090000001	5.641509	1	0.071909525
89.87620030000001	5.362293	1	0.08176967
90.5560765	4.3269327	1	0.06621503
90.5623984	5.2940106	1	0.08252280000000001
90.83336120000001	4.2340067	1	0.07362739
91.00364900000001	6.010183700000001	1	0.08320976000000001
91.0508695	6.4885459999999995	1	0.069200923
91.1947233	5.196683	1	0.07414397
91.4543155	5.647837	1	0.07548186
91.6991967	6.192429000000001	1	0.073565515
92.2351337	5.7548520000000005	1	0.067610536
92.52123950000001	4.6663553	1	0.069725974
92.99229500000001	5.435172000000001	1	0.08093555000000001
93.556493	6.035688500000001	1	0.07278107
93.81429440000001	5.0549436000000005	1	0.073956475
93.902938	7.045822	1	0.073403744
94.21096700000001	4.3538743	1	0.07275393
95.00336100000001	5.716032	1	0.07945394
95.150536	4.7099924	1	0.077392953
95.35221460000001	4.8720148000000005	1	0.07448605
95.8825874	5.5806947	1	0.08738306
95.9416276	4.985411	1	0.07956433
96.54680200000001	5.1646656	1	0.07441507
96.58254600000001	6.4155050000000005	1	0.081357155
96.98184400000001	3.7852448	1	0.070875115
97.175286	5.2907896	1	0.07368058400000001
97.622787	8.431817	1	0.08005257
97.79345500000001	6.734761000000001	1	0.073138014
98.444468	5.884523000000001	1	0.074204276
98.570434	6.700454000000001	1	0.08792849999999999
98.589128	5.110291999999999	1	0.07567973
99.365155	5.811042	1	0.070798853
99.81671300000001	4.933213	1	0.073350533
99.904003	6.516101399999999	1	0.077505372
100.506477	5.072464	1	0.0879617
100.98254100000001	6.233581299999999	1	0.070885206
101.53430200000001	6.623981	1	0.06715361
101.76303100000001	5.717542	1	0.08315817
101.869664	5.779721	1	0.08218042
102.415901	6.101196399999999	1	0.06824357
102.431129	6.0803329999999995	1	0.076803146
102.900993	5.997870600000001	1	0.06658544300000001
103.230683	6.3673174	1	0.065404405
103.372663	5.5979186	1	0.063880887
103.73069600000001	6.344412	1	0.06718075
104.25025600000001	6.001864	1	0.068017356
104.301232	5.339963	1	0.069480073
104.704431	5.4272616	1	0.08165164000000001
104.771953	6.262439	1	0.06909122000000001
104.84377900000001	5.0352615	1	0.065611135
104.99927500000001	5.3252375	1	0.06621883
105.562002	6.4425933	1	0.08298401999999999
105.652446	4.8207998000000005	1	0.071367086
106.02192600000001	4.2327932	1	0.067541916
106.167882	5.196635	1	0.06581611999999999
106.73794600000001	4.6810165	1	0.07264829
106.939508	4.8986244	1	0.07911104000000001
107.07239000000001	5.7665867	1	0.06522871599999999
107.554354	6.357452	1	0.072476994
107.88648800000001	0.27345909	1	0.06801153
108.281633	5.289150500000001	1	0.070012636
108.40817600000001	4.5176688	1	0.07368796999999999
108.42408400000001	4.5713258	1	0.08484641
109.102039	5.241074599999999	1	0.07586111300000001
109.264678	5.7253635	1	0.06892803
109.51468600000001	6.054608999999999	1	0.06489864
110.114204	6.1341166000000005	1	0.07556249
110.18195600000001	5.864782	1	0.07872892
110.61189800000001	5.0433964	1	0.06816138000000001
110.67570900000001	6.213049000000001	1	0.06745679
111.089408	4.5686594000000005	1	0.075690495
111.53033200000002	4.7796875	1	0.069397506
111.622512	5.764190999999999	1	0.070367926
111.789088	6.633044	1	0.058508296
112.09186	5.0057566	1	0.08244866000000001
112.30496000000001	5.767063500000001	1	0.06828795
112.66794	4.8083898000000005	1	0.065715434
113.090822	5.577873	1	0.070916563
113.518361	4.8622197	1	0.06669468199999999
113.59740000000001	4.2881727	1	0.08003376
113.975572	6.098589	1	0.07286558400000001
114.43546500000001	3.9093590000000003	1	0.071359193
114.543993	4.689614	1	0.063156453
114.574465	5.7207870000000005	1	0.06618469
114.92826000000001	4.7956148	1	0.071825897
114.971342	5.745006999999999	1	0.07073697000000001
115.02605600000001	4.448875	1	0.066560665
115.36598900000001	4.5267877	1	0.07387973
115.58610000000002	5.67821	1	0.069840094
116.10400000000001	5.538832	1	0.070141465
116.27391800000001	4.093083	1	0.08174734
116.74655000000001	3.3652252	1	0.07021575199999999
116.90707900000001	3.7870902	1	0.07328426
116.98391600000001	2.670726	1	0.064033056
117.604794	2.9716903	1	0.08411461
117.709743	4.9165824	1	0.076334504
118.20509000000001	0.47456539999999997	1	0.06909379
118.51869300000001	0.53404383	1	0.34905275511057043
118.76880720000001	3.640014	1	0.06289244599999999
118.8637898	5.2370733000000005	1	0.09419949999999999
118.87532633000001	3.5948643000000002	1	0.077081476
119.31370330000001	3.9331216	1	0.07864863999999999
119.68587590000001	4.038725	1	0.08499755499999999
119.71170016	3.6744848	1	0.07448068399999999
119.99677780000002	2.4693164000000003	1	0.08104766
120.09588870000002	3.8342549999999997	1	0.07533889
120.63542050000001	3.640161	1	0.08836674
120.63685950000001	2.0614651999999998	1	0.054090036999999994
121.15190500000001	0.6280068	1	0.073739076
121.23050400000001	2.797137	1	0.08005806000000001
122.06721530000002	1.0317407	1	0.063976073
122.19743500000001	2.864639	1	0.09926285
122.21966580000002	1.9779272	1	0.0639815
122.56607670000001	5.615237400000001	1	0.075558177
122.71580320000001	0.32156285	1	0.07892664
123.57404840000001	3.8615256999999996	1	0.08676931
124.13828900000001	2.6340443000000002	1	0.08858328
124.22930800000002	3.0794922000000002	1	0.09641767000000001
124.65555000000002	5.040648599999999	1	0.08843973
124.99486800000001	3.2974829999999997	1	0.08576666999999999
125.56158140000001	4.456208	1	0.07948071
126.11272300000002	1.5358593	1	0.08861989
126.34078600000001	0.15031744	1	0.10119717
126.59279300000001	0.37410684	1	0.08715338
126.78741800000002	2.6451108000000003	1	0.09047559
127.15224040000001	0.36177479999999995	1	0.06743748699999999
127.27312500000001	5.311178600000001	1	0.08037859
127.62256160000001	0.41556504	1	0.075279465
128.474801	0.58793046	1	0.0828159
128.96169500000002	5.369047	1	0.09586302999999999
129.15728800000002	2.6226693	1	0.09581897
129.663433	2.7479365	1	0.09013826000000001
130.388451	4.9886665	1	0.09051205
130.89439000000002	3.9088857	1	0.08657240999999999
130.94074600000002	3.078169	1	0.08769542
131.31981000000002	6.391764	1	0.08493821
131.99317200000002	4.2252436	1	0.08574129
132.259634	6.339384	1	0.09127507
132.75528300000002	6.4841837	1	0.07369797
132.761074	4.1532722	1	0.08912901000000001
132.877621	3.2120222	1	0.06669602999999999
133.26319800000002	2.5487599999999997	1	0.069484594
133.496993	5.999314	1	0.07976169999999999
133.843644	4.2973405	1	0.08577618000000001
134.200681	2.9228737999999996	1	0.07340883000000001
134.5009	4.8708466	1	0.07938735000000001
135.065568	5.391335000000001	1	0.068460577
135.21230100000002	4.4357455	1	0.07935752000000001
135.255489	3.6573171999999996	1	0.07614430999999999
135.680948	5.552099	1	0.08523700000000001
136.16074400000002	5.3047645	1	0.08771398
136.76792300000002	2.09901	1	0.09103692
136.86788	4.2151415	1	0.07929649
137.28090300000002	3.8745543	1	0.07917775
137.639125	5.041474	1	0.09042659
138.025969	4.554117	1	0.08500938
138.39631500000002	3.5080388	1	0.08122386000000001
138.83141	4.5757172	1	0.07591616
139.030843	3.8935405000000003	1	0.07976098
139.324746	5.069386	1	0.075103203
139.819553	3.8121098	1	0.07877695000000001
140.13225300000002	6.167921	1	0.07862131
140.146946	3.99889	1	0.10109731
140.53919000000002	5.1633173	1	0.08265336999999999
140.584964	2.9552144	1	0.074092536
140.983867	3.8466734000000002	1	0.079703
141.713883	4.303449	1	0.07977134
142.692913	3.8663277000000003	1	0.0781255
142.915783	3.3049055999999997	1	0.070968494
143.16727100000003	3.0091617	1	0.075839935
143.31921300000002	1.2350569999999998	1	0.063132993
143.744513	2.421429	1	0.08658028
144.10422	3.4255259999999996	1	0.08289603
144.556496	2.3578209	1	0.07132335000000001
144.748611	2.7937719999999997	1	0.07070082999999999
144.748611	1.0017977	1	0.06610339
145.00401000000002	0.7307015	1	0.26086761193604097
