distance_from_base_(mm)	lateral_root_length_(mm)	order	averaged_diameter_(mm)
0.500125	3.5398984000000002	1	0.074090855
0.678318	4.190813299999999	1	0.077189244
0.6982883	1.0071397	1	0.09170914000000001
1.19330674	0.4481958	1	0.066751703
1.2271135	2.8715098	1	0.060545984
1.5240103999999999	1.41575	1	0.056282900000000004
1.6422245999999998	0.9910127000000001	1	0.07954130000000001
1.7275299999999998	5.145132	1	0.068250224
2.0544791	0.7557137	1	0.086686
2.337441	2.9530615	1	0.060949735
2.938019	1.2609406	1	0.070334473
3.390165	2.3518051	1	0.067336676
3.6408987999999995	1.6886164000000001	1	0.053813225
4.2137780000000005	1.3965195	1	0.05823618
4.5148808	2.9484916	1	0.08225448999999999
4.5421866	3.8341233000000003	1	0.07235555
4.5858067	3.6490723000000003	1	0.068350043
5.609726	2.307233	1	0.06512088
5.9327465	2.7239873999999995	1	0.06285346
6.540039	0.49768917	1	0.04194746
6.602227699999999	1.8590027	1	0.06503193
6.69334	1.5754473	1	0.066587105
6.842338	1.1285238	1	0.05548814
6.9196610000000005	2.0207341000000003	1	0.0597491
7.2721386	1.9316737000000002	1	0.06164348
7.634029399999999	0.70700444	1	0.05951095
7.698589999999999	2.3835783	1	0.057528513
7.909549	0.53451184	1	0.06324164
8.20113	5.616175500000001	1	0.06781907799999999
8.336112	2.0600003	1	0.07288489000000001
8.886166	1.4765088000000002	1	0.06894717
8.897502000000001	1.181617	1	0.063693575
8.9893454	5.5040960000000005	1	0.063421647
9.667975	2.8540224	1	0.077133807
9.750037	8.500593	1	0.062137223000000005
10.029376000000001	6.352861	1	0.063350503
10.182289	5.0849223	1	0.06804232
10.206654	4.1647822	1	0.07571843
10.428865	3.2336187	1	0.06014755
10.977969000000002	6.9038889999999995	1	0.068157227
11.125799999999998	2.9753420000000004	1	0.06966599700000001
11.466126000000001	10.023489999999999	1	0.074039693
11.540447	1.6135392000000002	1	0.06593623
11.958162000000002	4.584789000000001	1	0.0587702
12.496179000000001	0.25097128	1	0.058802309999999997
12.581415	5.402341000000001	1	0.06526767
12.983491	6.072551600000001	1	0.0691906
13.238534	1.6319618999999999	1	0.071429587
13.415953	5.8745270000000005	1	0.073321005
13.941941	5.831669000000001	1	0.06941319
14.1954	11.158574999999999	1	0.068502966
14.242691999999998	4.877618	1	0.06619356
14.293402	5.2473116	1	0.063098185
14.628059	4.5976382	1	0.060308219999999996
14.701554999999999	1.8838592	1	0.062098308
15.23096	7.1601754	1	0.068905577
15.346035	10.571135	1	0.078113703
15.510933	3.322249	1	0.08063624999999999
15.678187999999999	3.227434	1	0.05876713
15.681039000000002	5.477112	1	0.066668848
15.937324	1.3782154	1	0.06129985
15.985453999999999	7.8899366	1	0.06704308
16.056648	2.5842172000000003	1	0.061603566
16.404221	6.167066	1	0.073197386
16.543448	1.8637648000000002	1	0.049350862
16.666352	7.254024	1	0.07831808000000001
16.798645999999998	5.6426674	1	0.08286397
17.000746	1.9121239	1	0.071969926
17.03019	6.7223346	1	0.07057958
17.151594	8.7806374	1	0.08187022000000001
17.9741	8.3254737	1	0.067539276
18.057308	9.3465626	1	0.07899352
18.117832	5.8315164	1	0.06461560300000001
18.316811	7.465872999999999	1	0.07629644
18.397756	4.0275636	1	0.066801296
18.863716	8.837062	1	0.06883892
19.056685	5.638334	1	0.057856950000000004
19.157203	7.7588373	1	0.071747764
19.502892	10.542533	1	0.07273478
19.59095	5.427628	1	0.07821989
19.706426999999998	8.8164055	1	0.062519214
20.148518000000003	7.270004	1	0.06978796300000001
20.31717	6.8656623	1	0.06744382
20.434440000000002	7.7743965	1	0.069032228
20.488940000000003	9.5409167	1	0.077978554
20.550385000000002	1.2875782	1	0.06682702
20.677536	2.5231746	1	0.08226085
21.252072000000002	8.5857093	1	0.074369246
21.477509	7.1908075	1	0.07843575
21.596282000000002	1.8319799	1	0.076435343
21.616284999999998	8.3104026	1	0.07864033
22.256699	4.912407	1	0.07956704
22.721686000000002	9.8757774	1	0.074896566
22.921984000000002	4.8646006	1	0.06489402600000001
23.01301	6.6583574	1	0.06763437
23.687730000000002	7.911232999999999	1	0.07005573999999999
23.71517	9.126244999999999	1	0.07848848
23.947604	8.317574	1	0.07248738
24.170253000000002	11.106828	1	0.07541239
24.199419999999996	2.7208376000000003	1	0.073436326
24.776964	9.1911	1	0.068106344
25.068579999999997	9.3998253	1	0.07817829
25.158710000000003	3.6440808000000002	1	0.08262851
25.196350000000002	7.119815000000001	1	0.06907982800000001
25.388627	9.67388	1	0.06651098999999999
25.497014999999998	7.3905724	1	0.07165481
26.065154	5.129754	1	0.07235325
26.074953	9.4018495	1	0.069614206
26.169452999999997	4.7410312	1	0.08030548
26.583292	11.723009	1	0.071685473
26.736662	7.948461999999999	1	0.077614896
26.856277	8.289427	1	0.06860577500000001
27.312815	44.763954	1	0.1452361530522411
27.605520000000002	9.6864307	1	0.07233742
27.629313	6.7954224	1	0.068557193
27.816162000000002	9.3990594	1	0.076324553
27.95012	8.842307	1	0.07364166
28.121109999999998	4.8611507	1	0.07355876
28.582084000000002	10.679599	1	0.071098176
28.691184999999997	7.1714973	1	0.06760630000000001
28.8899	10.582335	1	0.0801905
29.035802	7.7308094999999994	1	0.075815576
29.677744	10.135254	1	0.073135896
29.790127000000002	6.636234	1	0.060692489999999995
30.202756	12.609203	1	0.070550116
30.23429	9.5867974	1	0.08395771999999999
30.247411999999997	7.3125964	1	0.067760604
30.714655	3.961672	1	0.07327927
31.009352	8.62752	1	0.07542769
31.145432	14.873747999999999	1	0.06352105999999999
31.217065	6.921994	1	0.07290314
31.407459000000003	4.2662227	1	0.08123049
32.310033	7.700154	1	0.078126425
32.552507	12.398115	1	0.07270427
32.933564	33.839115	1	0.12207382621327022
32.995396	8.496707	1	0.077309404
33.94164	7.267011	1	0.06969225600000001
34.012277000000005	5.015952	1	0.07887211
35.140724	11.242249	1	0.07731633
35.147243	7.9701036	1	0.069877184
35.169878	8.2445383	1	0.075481306
35.415132	4.3573457	1	0.06944543
36.031651	8.056816999999999	1	0.08478336
36.149583	27.943992	1	0.17087812121820892
36.344926	25.052267	1	0.08278144062390043
36.57799	7.713114	1	0.077115498
36.632378	23.9712753	1	0.15120336049097877
36.965759999999996	4.1328007	1	0.061647244999999996
37.278354	8.862769	1	0.065604467
37.328198	2.634964	1	0.07878692
37.835853	8.557507399999999	1	0.071848175
38.093555	5.9475714	1	0.08415382
38.21984	20.3622766	1	0.07651442510175115
38.35452	5.655853	1	0.08045738999999999
38.81217	8.531712	1	0.069649126
39.058187000000004	9.793483	1	0.070692687
39.229164	7.979362	1	0.07701400700000001
39.251096	15.91957	1	0.0790374895724208
39.35296	8.963696	1	0.07864156
40.259190000000004	3.5713652000000002	1	0.073831943
40.406009999999995	8.360149	1	0.06932031
40.632276999999995	17.490633	1	0.0841064494794934
41.403575000000004	3.0222526	1	0.08232949
41.41045	4.9757278	1	0.07391534699999999
41.67592	10.7823213	1	0.07762936622023377
41.83576000000001	22.1767714	1	0.08010236488983306
41.883807	15.378566399999997	1	0.08151315817544683
42.425137	5.649038600000001	1	0.07528274
42.47569	10.3662206	1	0.07027232147617367
42.60105	14.8249471	1	0.07139135905690616
43.447269999999996	8.0984794	1	0.07123079401536243
43.564663	19.789316	1	0.07213903533063624
43.65794	14.5707318	1	0.06457852288760567
43.92322	6.108183	1	0.073398007
43.924006999999996	13.395951799999999	1	0.07611181383023445
44.181724	16.462522	1	0.07697059332129366
44.72879	6.4984983	1	0.068967324
44.962916	14.499986400000001	1	0.07631946599895968
44.995165	11.5706565	1	0.07544348397226194
45.062656	6.535532	1	0.07396116
45.245004	9.1039797	1	0.0788943624009758
45.586276000000005	3.9429252999999997	1	0.08853649
45.92561	5.9792644	1	0.07148943399999999
46.15016	12.9937915	1	0.07704186888671985
46.217183999999996	11.492675000000002	1	0.07089924477491096
46.322289999999995	10.5766509	1	0.07639159641438789
46.70154	13.4710837	1	0.07335697944261335
46.8148	7.516665639999999	1	0.07452911234402897
46.91878	11.0827056	1	0.1396658916993973
47.26951	17.110259	1	0.0773254642766033
47.553053	8.4862198	1	0.07271861974580177
47.926080000000006	10.180187199999999	1	0.0756304096339514
47.95612	8.9645308	1	0.07778022930003071
47.98617	9.604319799999999	1	0.06930904039735811
47.988334	5.736934	1	0.07430033800000001
48.281780000000005	4.7265875	1	0.073379525
48.970466	19.6374556	1	0.07708838883406534
49.078083	8.1587921	1	0.06941201060754153
49.24456	3.732165	1	0.07353897
49.349008000000005	9.884655500000001	1	0.07281216390723348
49.44323	5.680403	1	0.07131238
49.5747	6.010561	1	0.08234999
50.306864	5.729469700000001	1	0.069960803
50.323615000000004	5.2532154	1	0.08115073
50.831875999999994	4.3434086	1	0.06594394299999999
51.154203	4.282811000000001	1	0.07610022999999999
51.320899999999995	13.378305	1	0.07307346
51.64811	4.914385	1	0.074622827
51.894307	3.4556915999999998	1	0.06909766
52.269360000000006	2.4999762	1	0.06595843
52.328987	3.1658763	1	0.069528
52.362970000000004	3.2721293	1	0.07844258
52.38257	3.011872	1	0.08608780999999999
53.4001	12.196347999999999	1	0.07877539
53.47022	2.3416045	1	0.07957271
53.583217000000005	1.5465714	1	0.07851812999999999
54.208330000000004	0.57167653	1	0.10262252
54.2295	0.846052	1	0.08341164
54.3607	1.501024	1	0.08076760000000001
54.918212999999994	0.733183	1	0.08586313999999999
54.918212999999994	1.8558146	1	0.08825878000000001
55.104313	8.4768146	1	0.071784323
55.419312999999995	12.09136	1	0.08542512000000001
55.519583	8.752098	1	0.08244569
55.920502649999996	7.8335357000000005	1	0.072242934
56.04095029999999	9.5864964	1	0.07050972
56.250510299999995	11.134793	1	0.08246888000000001
56.276293499999994	9.656469	1	0.074344855
56.7275989	8.883325	1	0.08526779
56.7838953	7.309599	1	0.07684438
56.853221	7.53768	1	0.08620404
56.89347109999999	18.829867	1	0.14250096
57.218878499999995	12.324660000000002	1	0.07581377
57.37212149999999	1.5702456	1	0.063915774
57.4177207	9.62902	1	0.08164219
57.99255699999999	8.3126336	1	0.061679366
58.176600699999995	8.58093	1	0.08007331
58.47066829999999	5.8686715	1	0.09002054000000001
59.06867999999999	9.118604	1	0.08244778
59.25541859999999	9.6853364	1	0.08672516
59.485059799999995	8.687298	1	0.07887226
59.70830479999999	7.0191383	1	0.09399378
60.056968399999995	7.285889	1	0.07397403
60.160557999999995	6.7853576	1	0.07551387
60.620307999999994	8.2290447	1	0.08292119
60.752826999999996	8.5909534	1	0.08036076
60.911047999999994	24.62144	1	0.15402043
61.370625	5.096958000000001	1	0.06636396
61.387725599999996	8.630881299999999	1	0.08466517999999999
61.40848	9.419311	1	0.083964495
61.78953059999999	7.360318	1	0.08177712000000001
61.79099299999999	8.860672000000001	1	0.08445088
62.070821599999995	7.383419	1	0.071928096
62.36155899999999	7.721789	1	0.074130176
62.42306599999999	3.520556	1	0.07042975
63.165299999999995	6.489095000000001	1	0.077697695
63.390547999999995	8.757266999999999	1	0.08048332999999999
63.50676299999999	8.06515	1	0.0729525
63.849678999999995	7.684256400000001	1	0.08638399
63.98794839999999	7.2659737	1	0.072767674
64.112337	7.8951204	1	0.08222894
64.37952229999999	8.346609	1	0.08206943
64.45497759999999	8.71547	1	0.070884936
64.5860625	6.6706574	1	0.074071856
65.352493	7.777194400000001	1	0.07731715
65.40850999999999	8.866587	1	0.0839076
65.42678	8.384907	1	0.08846896
66.48431199999999	5.9291863	1	0.07996083
66.50449499999999	8.050697	1	0.08446804000000001
66.622875	6.729095000000001	1	0.08670649500000001
66.841562	6.856533000000001	1	0.07629821
66.897801	8.602636	1	0.072560445
67.342317	7.3466605	1	0.07476065
67.35700299999999	7.715802	1	0.08426602
67.477222	7.3773533	1	0.08370714
67.70458199999999	7.0550185	1	0.066983313
68.379048	8.671765	1	0.07967716
68.757324	6.51189	1	0.076445304
68.90097499999999	4.755067	1	0.07306787000000001
69.088793	7.183641	1	0.077201854
69.103329	8.293463	1	0.08225456
69.41354	8.4362125	1	0.08066348
70.128834	6.485018999999999	1	0.069985692
70.21475099999999	5.6493205	1	0.08057471999999999
70.36330199999999	7.055155600000001	1	0.073502786
70.917181	7.6745564	1	0.08368538
70.94527	8.171934	1	0.09247189
71.061134	6.4652383	1	0.08953301999999999
71.31330899999999	7.3267967	1	0.08545531
71.94749499999999	7.8465810000000005	1	0.074509415
72.341422	7.7750725	1	0.077271303
72.89747799999999	6.256692	1	0.073615597
73.16841099999999	9.485024	1	0.07424248
73.26794199999999	6.442257	1	0.076692416
73.902003	7.914631	1	0.08969402
74.575412	8.7252474	1	0.08123224999999999
74.857732	7.210215	1	0.08102662999999999
75.09681499999999	8.171762000000001	1	0.08235017
75.388329	6.696821	1	0.08751726
75.59177199999999	6.8830127	1	0.08425979
76.345155	7.456082	1	0.08536614
76.38304	7.7841439999999995	1	0.077252057
76.768627	41.400360000000006	1	0.15798791988143582
76.89418099999999	8.555089	1	0.08655279
77.26905099999999	7.398907	1	0.08380932
77.58704399999999	6.4653903	1	0.09416701
78.08614999999999	11.6463906	1	0.08462702795881791
78.271365	7.152889	1	0.07763919400000001
78.780913	6.1973965	1	0.073746163
79.02651999999999	11.8294432	1	0.08226343316767015
79.384093	6.8519120000000004	1	0.0743144
79.433675	7.346216	1	0.08298799000000001
79.685453	7.479619400000001	1	0.089484975
79.980323	6.6420710000000005	1	0.07951285000000001
80.00961799999999	7.0317066	1	0.08591998
80.468223	7.062676	1	0.08576755999999999
80.647853	6.8055129999999995	1	0.08088603999999999
80.980446	7.7496153	1	0.08086605999999999
81.54965899999999	6.7963344	1	0.07901891
81.77451599999999	7.5893986	1	0.08015249
81.94790599999999	7.7066207	1	0.073111504
82.07611999999999	7.5588304	1	0.0848752
82.528269	10.5087275	1	0.0813981317664546
82.97160199999999	10.615398	1	0.08096420818867694
83.174173	2.4003665	1	0.08829101
83.87700799999999	6.735612	1	0.08504503999999999
83.94265299999999	7.581701	1	0.08323159
83.973143	7.669262	1	0.08940108000000001
84.425016	6.935205	1	0.08846791
84.43207799999999	7.811089	1	0.08590721500000001
84.921167	14.930594	1	0.0833793950977972
84.979828	13.613418000000001	1	0.07999284866921519
85.81152699999998	7.670414399999999	1	0.08363688
86.045175	24.919831000000002	1	0.1454776053153105
86.117694	14.342421000000002	1	0.08849171479518834
86.62303	9.8119069	1	0.07995086574912713
86.705737	13.6557523	1	0.07789218330014056
86.76982899999999	6.776974999999999	1	0.08866946
87.193183	6.672331700000001	1	0.08984867
87.29109799999999	7.8419286	1	0.08695674
87.59369899999999	16.695788	1	0.07525972138687913
87.92849999999999	7.530189	1	0.08004745
88.13908799999999	6.446822	1	0.08077323
89.21547699999999	14.0654953	1	0.0882682777473089
89.698858	12.998209300000001	1	0.08686773658707313
89.979375	5.701314	1	0.19969214
90.437901	11.291312	1	0.07514042357644532
90.721686	5.000282499999999	1	0.08225509
90.860486	7.7911735	1	0.07878273999999999
91.08844099999999	6.407775	1	0.08120163999999999
91.242185	7.157203600000001	1	0.07096155500000001
91.83692299999998	4.0268517	1	0.08574014499999999
92.165759	5.172339	1	0.09035689
92.35342499999999	4.8869127	1	0.075099445
92.709633	4.9500042	1	0.08382901999999999
93.25734299999999	6.040529599999999	1	0.087326
93.483992	4.652254	1	0.07838435499999999
93.5358	1.7810924	1	0.08337543
93.72797	2.1717139999999997	1	0.09719953
93.831816	2.3869667999999997	1	0.08881816000000001
93.881967	6.074217600000001	1	0.07519788599999999
94.26218	4.5434406	1	0.07419587
94.460058	3.2980362000000003	1	0.08149466500000001
94.513421	2.4859859	1	0.10022716
95.162213	0.46755202	1	0.10053255999999999
95.716456	2.1682256	1	0.09351416
96.03332499999999	6.15067	1	0.09333007000000001
96.26555599999999	7.985729	1	0.09538289999999999
96.81482359999998	8.021782	1	0.07934814
96.83985979999999	7.2281070000000005	1	0.07712883000000001
96.84645019999999	7.9635847	1	0.08668343
97.62980559999998	7.1456485999999995	1	0.06782858
97.90333799999999	8.0001855	1	0.092372345
98.066127	6.245684000000001	1	0.08926563
98.13533199999999	7.779457600000001	1	0.07259781
98.15729679999998	7.093511	1	0.09720060000000001
98.3766067	4.8812616	1	0.06671395
98.6284367	7.843122999999999	1	0.08322846
98.72227639999998	7.895099	1	0.08830754999999998
99.28896549999999	6.9660025999999995	1	0.0801751
99.676285	8.7805	1	0.07973212
100.46352959999999	6.2159705	1	0.07982912
100.63558599999999	6.252491	1	0.07550197
100.92736929999998	5.5003595	1	0.06422031
100.97002539999998	7.673617	1	0.08802429
101.14720899999999	7.026877000000001	1	0.08056387999999999
101.26327549999999	5.9151370000000005	1	0.09538858
101.44596899999999	6.5712065	1	0.07451917
101.94494199999998	7.077908000000001	1	0.08124548000000001
102.04099899999999	7.2681254	1	0.073277885
102.30912839999999	8.313275	1	0.09409855
102.62519099999999	8.584444	1	0.07381068
103.37874799999999	8.553749	1	0.08234491999999999
103.63369559999998	8.212515999999999	1	0.07188168
103.6831716	4.8867476	1	0.09764735999999999
103.97689899999999	11.450709	1	0.12399246
104.4471696	7.559044999999999	1	0.09157604999999999
104.84256659999998	13.601458	1	0.16793355
105.01042939999999	3.2672689999999998	1	0.09916494
105.40786999999999	4.659427	1	0.08225371000000001
105.46044299999998	15.177684	1	0.16514352999999998
105.96661999999999	7.397648	1	0.08735651
106.62380699999999	8.400197	1	0.090090465
107.07444999999998	7.4839294	1	0.06851929
107.32600699999999	7.151128	1	0.076857773
107.508884	7.5175744	1	0.08516307000000001
107.90773599999999	8.2850015	1	0.07705145
108.150589	8.365334	1	0.07993757000000001
108.45805599999998	7.927326	1	0.08531073
109.03350199999998	7.4645280000000005	1	0.08703093
109.37868999999999	8.431269	1	0.07767547
109.68550099999999	8.3979446	1	0.07568438499999999
110.53869799999998	10.066139	1	0.074592936
110.55367999999999	5.983695	1	0.07932664
110.67744499999999	7.5113297	1	0.07831878
111.21493199999999	5.644356999999999	1	0.07799917
111.34046799999999	7.499121	1	0.09197686999999999
111.908401	8.180671	1	0.068117306
111.951715	8.0296427	1	0.081778
112.34176499999998	6.890969	1	0.09892464000000001
112.662432	7.632403	1	0.08354030999999999
112.78286899999999	1.8884084	1	0.08445721
113.14957799999999	7.687412500000001	1	0.0823811
113.47952299999999	8.184722	1	0.08166634
113.522426	15.673919999999999	1	0.16283783999999998
113.63907899999998	7.5973195	1	0.09148414
113.72136199999998	1.7731955999999998	1	0.073127914
114.05430299999999	7.7770656	1	0.09191339999999999
114.39304199999998	7.3099744	1	0.08209728
114.925884	4.779738	1	0.083940765
114.97769999999998	8.029558999999999	1	0.09771409
115.19596999999999	5.9899586000000005	1	0.07185137400000001
115.239836	5.777348	1	0.08387626000000001
115.54662199999999	5.734723000000001	1	0.08811052
116.056041	6.545626	1	0.077284486
116.19951599999999	7.465913	1	0.10014383
116.41575099999999	8.0619174	1	0.07754817
116.99684599999999	9.446479	1	0.09111013
117.32896099999999	7.245671	1	0.08240219
117.47458899999998	6.939368999999999	1	0.08145095
117.97742799999999	5.4217255	1	0.08471495500000001
118.24930199999999	7.647322399999999	1	0.08555241
118.50356299999999	7.718026	1	0.08447229
118.58311599999999	6.888540399999999	1	0.07949294500000001
118.60702699999999	8.623524999999999	1	0.09279902
118.91045599999998	7.061351500000001	1	0.08556648
119.05211399999999	6.974114	1	0.074457866
119.63009599999998	4.9106485	1	0.08410311000000001
119.734376	6.416041	1	0.08023066000000001
120.07842799999999	6.5297216	1	0.09384424000000001
120.14377999999999	8.809603000000001	1	0.08031485
120.43779599999999	7.2035015	1	0.08458744000000001
120.80359199999998	7.159572	1	0.08844983000000001
120.85568899999998	11.150838	1	0.15552361
121.20048999999999	7.673470399999999	1	0.08662664
121.40283299999999	5.4874253	1	0.070954375
121.984794	6.191756000000001	1	0.077823964
122.10839599999998	6.049456600000001	1	0.08042386
122.15468899999999	5.5164990000000005	1	0.08098599499999999
122.17825399999998	4.5761627	1	0.08980274999999999
122.58735199999998	6.3031614000000005	1	0.08319742999999999
123.02189599999998	5.918766	1	0.08458073999999999
123.03229599999999	4.495034	1	0.08279782
123.41060399999999	8.153230500000001	1	0.08919699
123.724308	5.6711483	1	0.08758596
123.96410599999999	6.6519827	1	0.08863268
124.21428599999999	6.248051500000001	1	0.08687063
124.569436	6.518478	1	0.08980804
124.60608199999999	5.8707297	1	0.09413302999999999
125.15898399999999	3.5975915	1	0.076193907
125.352454	7.042962	1	0.08695265
125.45380599999999	6.4036333999999995	1	0.09597731999999999
126.21479699999999	6.8393755	1	0.08171613
126.21509099999999	6.3438964	1	0.09349119
127.09654799999998	7.9900340000000005	1	0.08833390999999999
127.25505099999998	5.98645	1	0.08173111
127.47343599999999	5.3910345	1	0.0858786
128.09543299999999	6.883947	1	0.08867513
128.337426	8.133089	1	0.09939260999999999
129.00014399999998	7.362514	1	0.08150446
129.134934	6.382634	1	0.07149706
129.569099	4.91354	1	0.08380144
129.97059099999998	4.7695014	1	0.0802303
130.003199	6.6988087	1	0.08522602000000001
130.176332	5.9190506	1	0.08314472
130.651018	4.9335825	1	0.09285657
131.420145	6.175236699999999	1	0.078049307
131.519522	11.447839799999999	1	0.0833456043072935
131.75853	6.2319165	1	0.08718165
131.78067199999998	4.972802	1	0.08156415
132.00715599999998	7.105498	1	0.07912923000000001
132.530391	5.36547	1	0.09282071
132.592673	5.0598	1	0.076908492
132.863989	6.546016999999999	1	0.083650155
133.54423699999998	2.6850197	1	0.09076948
133.663723	6.5633989999999995	1	0.08439311999999999
134.030971	6.196614499999999	1	0.08473380000000001
134.606743	7.355829	1	0.09129773000000001
134.86060799999998	5.3477496	1	0.09146128
135.13914799999998	5.852152	1	0.08056378
135.844836	6.891376999999999	1	0.08514056
135.901616	6.026536	1	0.09383460999999998
136.07525299999998	6.523835	1	0.08800996999999999
136.60799599999999	12.631922	1	0.08673799124981471
136.804816	5.1343304	1	0.08597031999999999
136.874856	6.6981285999999995	1	0.09190469999999999
137.092806	6.4467406	1	0.08195045
137.836909	6.698122	1	0.08369193999999999
137.91630199999997	6.270053	1	0.079494435
138.174126	6.176970600000001	1	0.07606739
138.526836	7.1342003	1	0.08704063
139.47937	7.62464	1	0.08238888999999999
139.72675299999997	7.5110936	1	0.09233467000000001
140.13296599999998	7.655957300000001	1	0.081095
140.501186	7.4567467	1	0.07906265000000001
140.887241	7.011666	1	0.07755698999999999
141.60421599999998	7.499571400000001	1	0.08232965
141.73798599999998	7.072908	1	0.09367320999999999
141.922011	7.541103	1	0.07828465
142.162509	7.25428	1	0.08420725000000001
142.494026	5.6321245	1	0.07478801
142.61211799999998	6.7509186	1	0.08153995
142.849312	5.800717	1	0.07757788
143.477596	17.9551336	1	0.1518815324401967
143.73970599999998	6.893998	1	0.0817309
144.015716	5.92976	1	0.07612049600000001
144.536562	6.831562	1	0.08377931
144.63995599999998	6.848573	1	0.072795493
144.75254999999999	4.9828032	1	0.07499758
144.80683299999998	5.2043605	1	0.0871163
145.06239599999998	6.7938982999999995	1	0.08419496
145.336886	6.324231999999999	1	0.09288793000000001
145.815162	5.42421	1	0.09434137000000001
146.126936	6.196776000000001	1	0.08739421
146.281186	5.833833	1	0.08793718
146.339831	6.2127596	1	0.08436573
146.45976	6.6738343	1	0.07320609
146.743626	4.944863	1	0.08293597
147.01392099999998	6.5415066	1	0.08075819999999999
147.18348999999998	6.434266600000001	1	0.08376065
148.36431599999997	6.458184999999999	1	0.08580604
148.59805599999999	6.585979	1	0.08653691999999999
149.100022	6.254023	1	0.09305696000000001
149.999022	5.656041	1	0.09259596
150.95148999999998	5.448678	1	0.08000569
150.97107899999997	2.1090092	1	0.08079609
151.54904599999998	0.68657756	1	0.074051353
151.936616	1.5509819999999999	1	0.074370718
151.999368	5.5206436000000005	1	0.09708501
152.47161799999998	0.4766686	1	0.08661744
152.71855599999998	0.51461365	1	0.08586707
153.70893199999998	5.5017249999999995	1	0.071212947
153.8650678	4.4941193	1	0.08367965999999999
153.93446394	4.3526554	1	0.06566116999999999
154.0679951	3.2480350000000002	1	0.09142721
154.4400229	4.230455	1	0.076926425
154.5184603	4.3275782000000005	1	0.1643664
154.95642899999999	3.0891089999999997	1	0.0851613
155.74505399999998	3.7902004	1	0.10754769
156.6464432	2.9438135	1	0.08193993999999999
157.281374	1.8328058999999999	1	0.11406490999999999
157.8000157	1.761886	1	0.09733774
157.8877382	1.4040948	1	0.10302385
158.914974	0.7755207	1	0.08466654000000001
160.02919799999998	1.9524343	1	0.08829378
198.72933899999998	0.0	1	0.5248590090426987
0.27975077000000004	2.8865477	1-113	0.056396470000000004
1.2353854	3.9331663	1-113	0.05813102
1.8555405999999999	3.6256164	1-113	0.077925012
2.4364878	4.293625	1-113	0.07374875
3.331498	3.3385979999999997	1-113	0.06407882000000001
4.4203013	3.4767085	1-113	0.069206622
5.055745	4.094921	1-113	0.06904913
5.922085	3.7632367	1-113	0.08462639500000001
6.542795300000001	3.6262527	1-113	0.067055654
8.6697364	3.480272	1-113	0.07351612
9.089412	3.321287	1-113	0.075428663
9.748249	3.7475332999999997	1-113	0.07473401
10.465823	3.2380527	1-113	0.06738961
10.908922	3.7193834999999997	1-113	0.08677326
10.929500999999998	2.3336107	1-113	0.07335939
12.413414	3.6784752999999997	1-113	0.07891171000000001
12.736802	4.1063896	1-113	0.06941301999999999
13.231256	3.7352198	1-113	0.07313804
13.518513	3.0158373999999997	1-113	0.073121465
13.818383	3.8079345	1-113	0.08876070999999999
14.252143	2.1595076	1-113	0.06477749399999999
14.424790000000002	3.7315676	1-113	0.06981430999999999
14.939378000000001	3.5884666	1-113	0.08435074000000001
15.075278	3.5785679999999997	1-113	0.071904277
15.561031999999999	3.7236595	1-113	0.07491939
15.837003999999999	3.1425264000000004	1-113	0.06864536
16.3422	3.754309	1-113	0.07472142
17.062658	3.5757163	1-113	0.075644543
17.672735	4.1886997	1-113	0.09340287
18.026991000000002	3.0439100000000003	1-113	0.09045784
18.787240999999998	2.7559595999999997	1-113	0.06527435499999999
18.972948000000002	3.4703456999999998	1-113	0.08980679
19.132864	3.665835	1-113	0.06461264
19.911441	2.8623920000000003	1-113	0.05621272
20.298765	3.1381088000000004	1-113	0.08077878499999999
20.344136000000002	3.514457	1-113	0.07289123
21.382979999999996	3.1626227	1-113	0.07720721
21.536145	3.4218985	1-113	0.074716248
22.41592	3.4580514	1-113	0.08287151
23.112116	3.2752606	1-113	0.08755325
23.565469999999998	2.0602724	1-113	0.08111604
23.977420000000002	3.5015437	1-113	0.070516504
24.562303999999997	3.0649355	1-113	0.07885516000000001
25.1021	2.5935724	1-113	0.08267664
25.550919	3.2468066	1-113	0.077248574
25.914774	2.1375856	1-113	0.07487262
26.164589999999997	2.2153692	1-113	0.04848313
26.74424	3.1034333	1-113	0.08071524999999999
27.436197	2.3729105	1-113	0.09687689
28.32358	0.34148753	1-113	0.07905614999999999
28.84999213	3.1921706	1-113	0.065004854
29.05478926	0.6486464000000001	1-113	0.08388440999999999
29.864036	2.7955195	1-113	0.08573348
30.6581191	2.6861632	1-113	0.09325315
31.4513726	3.1243643	1-113	0.08565096
32.3181424	2.9166999999999996	1-113	0.09529224
32.8984917	3.2655385	1-113	0.07078107
33.1149415	2.7624783	1-113	0.08423508999999998
33.601534	2.8041845999999997	1-113	0.07850545
34.7819407	4.4520548	1-113	0.07642977
35.198128	3.184365	1-113	0.075064595
35.781393	1.7388496	1-113	0.07393801
36.994544	3.1353473999999997	1-113	0.06631540600000001
37.176434	1.311159	1-113	0.07449034
38.153051	2.3580058	1-113	0.077445954
39.073364	2.0909905	1-113	0.08413624
39.859697	1.8297830000000002	1-113	0.076331925
44.763954	0.0	1-113	0.076331925
4.311959	4.182729	1-135	0.067521334
5.2722573	1.8052289999999998	1-135	0.060562687
6.031719	2.656683	1-135	0.07502497
6.7961055	3.176508	1-135	0.067987684
7.5084805	1.8619752	1-135	0.068373824
7.885329	2.6152056000000004	1-135	0.07452959
9.499128	1.6153726	1-135	0.07981815
10.037916	2.903035	1-135	0.07819866
10.945282	2.7152586000000003	1-135	0.074126814
11.118888	2.1456148	1-135	0.0797437
12.053856	3.1596246	1-135	0.070884037
12.97854	2.1304496	1-135	0.08009134
13.706119999999999	2.8424197	1-135	0.071765166
13.738592999999998	2.3412456	1-135	0.06509236
14.523515	2.0213121000000003	1-135	0.069058575
14.879273	2.7689728000000002	1-135	0.07980282999999999
15.273597	2.1861352	1-135	0.09041223
15.902354	2.8754323999999998	1-135	0.07839249
16.648301	2.8642938	1-135	0.08627866
17.829446	3.1935012	1-135	0.067040087
18.195144	2.2745241	1-135	0.06388943999999999
18.983114	1.4354639999999999	1-135	0.06140795
19.666022	0.40669117	1-135	0.08296916
22.586029	1.3993137999999998	1-135	0.07046837
23.3472713	2.8995305	1-135	0.06623343599999999
23.58333846	1.0559402	1-135	0.067624957
23.8701524	3.2896054	1-135	0.06327498
24.3379503	3.1041235	1-135	0.08575711
25.482989	3.0612215	1-135	0.06677441
27.1726684	1.7662284000000001	1-135	0.06477315
27.333638	3.0200347	1-135	0.067219897
27.4724577	2.4048144	1-135	0.05917419
29.196058999999998	2.7823427	1-135	0.07342078
30.111121400000002	1.6451429000000002	1-135	0.06983029
33.839115	0.0	1-135	0.06983029
0.573723	3.9233142	1-144	0.06877706
3.6521684999999997	3.6172882	1-144	0.063476553
3.9167344999999996	3.8246590000000005	1-144	0.07738426300000001
4.1359526	0.8541536	1-144	0.055626434999999995
4.1719067	3.5909232	1-144	0.08215346
4.6951964	3.2635003	1-144	0.07927597
5.821925	2.7240258	1-144	0.076052547
6.1028546	4.070695300000001	1-144	0.06720258
7.101908300000001	3.3716637	1-144	0.08076239
7.1115450000000004	3.2909438	1-144	0.07219510600000001
7.709504000000001	4.090878399999999	1-144	0.077209817
8.397358	3.3624349999999996	1-144	0.07992874
8.8927716	3.1159645000000005	1-144	0.08161764
8.9509666	3.449271	1-144	0.071785497
9.380609399999999	4.1079506	1-144	0.07231720999999999
9.999994	4.1165134	1-144	0.068792724
10.329295	4.019025	1-144	0.07749021
10.831242000000001	3.9793357	1-144	0.067435415
11.226386	3.325537	1-144	0.06482638
12.021592000000002	3.5332133999999997	1-144	0.070716417
12.272393	3.8902947	1-144	0.07129369299999999
12.31981	4.0109578	1-144	0.08396282
12.887594	3.6461159999999997	1-144	0.073641525
13.205744	3.4113591999999997	1-144	0.070759086
14.728270000000002	3.2233435	1-144	0.08591689
14.744645	1.7783079	1-144	0.0807078
15.014047999999999	3.3797726	1-144	0.07182453
15.513418000000001	2.7453429000000003	1-144	0.061105518
16.59448	3.3203310000000004	1-144	0.07017277
17.128881	3.1255832	1-144	0.06771061
17.131636	3.0785826	1-144	0.07356152399999999
17.692007999999998	1.7051715	1-144	0.07856968
18.061268	3.0945527999999998	1-144	0.07215011
18.473359000000002	1.4158720999999999	1-144	0.07467072
18.829007	1.3314645	1-144	0.07540314000000001
19.032577	2.7310428	1-144	0.08161312000000001
19.363558	0.53180657	1-144	0.09167227
20.0567729	2.730199	1-144	0.085766995
20.63632614	2.0879379	1-144	0.08389419000000001
20.99674626	2.4380948	1-144	0.08586205
21.6161265	2.716713	1-144	0.07580758
22.2679796	2.9136806999999996	1-144	0.09203952
23.4008286	1.7899175999999999	1-144	0.06616056399999999
23.5253448	2.1669659	1-144	0.09626665
24.658811999999998	0.22644466	1-144	0.054875375000000004
27.943992	0.0	1-144	0.054875375000000004
3.8658896	10.842044	1-147	0.0772911
5.2739020000000005	3.0913833000000004	1-147	0.09009961999999999
6.0504245999999995	2.45662	1-147	0.088759605
6.104616	4.2780164	1-147	0.069208145
6.937262400000001	3.180538	1-147	0.07423011
7.5025046	2.5868145	1-147	0.08489379999999999
8.4991777	2.9147315000000003	1-147	0.072010215
8.9818865	3.2460256999999997	1-147	0.074320007
9.081746	3.1883806	1-147	0.07658745
9.4126254	3.5154587	1-147	0.06371413000000001
9.9257517	3.2820532	1-147	0.07840042
10.768764	3.576352	1-147	0.07650401
11.112887	3.167694	1-147	0.06989722000000001
11.984300000000001	3.2604674	1-147	0.068725883
12.521408000000001	3.3255422	1-147	0.062741586
13.277673	3.2472079999999997	1-147	0.07155021
14.071804	3.1993612999999996	1-147	0.071285684
14.366881	2.9089835	1-147	0.07866285
14.485724	3.5809882999999996	1-147	0.07288376299999999
15.572938999999998	3.9192188	1-147	0.077794897
15.888701999999999	2.6671106	1-147	0.08079665
16.179583	3.5575303000000003	1-147	0.069042514
16.729375	1.7694615999999999	1-147	0.073554427
16.845338	3.2449551999999997	1-147	0.067964382
17.440113	3.3001414000000002	1-147	0.071386215
18.285928	1.5167229	1-147	0.09621282
18.836923000000002	2.2959674999999997	1-147	0.066569606
18.975192	0.36550682	1-147	0.07921887000000001
19.149449999999998	1.3878868999999998	1-147	0.08780527999999999
19.8032647	2.5659195	1-147	0.07251928
20.430801	2.8126115	1-147	0.08411146
21.3893146	0.17566353	1-147	0.049984045000000005
23.9712753	0.0	1-147	0.049984045000000005
0.17888769999999998	7.347346999999999	1-189	0.076787695
0.6839824	6.594720499999999	1-189	0.07827034999999999
1.3130349	5.229536	1-189	0.0653653
1.6460094	6.813746	1-189	0.073513435
3.9687946000000003	1.6411555	1-189	0.09409000000000001
4.904179	3.5328314	1-189	0.062258914
6.385776	0.87935604	1-189	0.074724224
6.977276999999999	0.8270719	1-189	0.056943465
6.993463	2.4519198	1-189	0.064116223
7.4022394	3.219996	1-189	0.07436355
11.0827056	0.0	1-189	0.07436355
0.9152913	2.6115388	1-232	0.07286523
2.5536510000000003	3.592886	1-232	0.060816533
3.1266220000000002	1.4800954	1-232	0.059878974999999994
3.1387183000000003	4.689308	1-232	0.07829469
4.6041206	3.3148143	1-232	0.07920902
5.174015	3.085319	1-232	0.07105243
5.829531599999999	0.9059819	1-232	0.08040706
6.374715	2.6432270000000004	1-232	0.060894290000000004
7.235247500000001	3.2058793000000003	1-232	0.060266335
7.672897	2.9929078	1-232	0.08481363
7.924316	1.3533339999999998	1-232	0.08177548
7.9833555	2.8566837	1-232	0.07807854
8.5289615	1.1823242	1-232	0.08466659
8.600457299999999	4.8499805	1-232	0.08638468999999999
8.8286275	2.811926	1-232	0.06867736
9.5641655	1.7580092	1-232	0.05631529
10.133780999999999	2.5829851999999995	1-232	0.08616481000000001
11.02179	3.0257908000000002	1-232	0.06316527
11.218045	1.728574	1-232	0.067234607
11.525331999999999	1.5976466	1-232	0.08465220000000001
11.966661	2.696596	1-232	0.07449412
12.475295	2.3456225	1-232	0.076310197
13.077027999999999	1.5061736000000001	1-232	0.08458926
13.690444	1.3102008	1-232	0.07738825
15.46559	0.27904565	1-232	0.08455713000000001
18.829867	0.0	1-232	0.08455713000000001
1.3756458	3.8688737	1-247	0.05762776
1.7980532	3.4795037	1-247	0.067239814
2.4408007	3.2972892999999996	1-247	0.077447854
3.5835942999999997	2.5975087	1-247	0.06886384
4.0275356	3.0988336	1-247	0.067503746
4.2784908	3.2674024	1-247	0.0593515
4.5903668	3.3039433000000002	1-247	0.06732631
5.43435	3.249876	1-247	0.06385081
6.272862	3.5021463	1-247	0.077794436
7.248867	4.1380912	1-247	0.07196393
8.010897	3.6193969999999998	1-247	0.068893363
8.261925	2.6730376	1-247	0.067346143
8.70081	3.9448023	1-247	0.06957476500000001
8.715528	2.3326835	1-247	0.068841707
9.220538000000001	3.4086478	1-247	0.08073568
9.493276999999999	3.5098671999999995	1-247	0.0726684
10.482911999999999	1.8173462000000002	1-247	0.06615302
10.663977	1.8783098	1-247	0.068797534
11.101163999999999	3.2237568	1-247	0.067301095
11.796886	1.8952866	1-247	0.06905192
12.428596	1.9201624000000002	1-247	0.056673572
13.227892	2.1711013	1-247	0.063385786
13.390375	1.6946346	1-247	0.071259947
13.397950000000002	2.6041055	1-247	0.07328949
14.43759	2.7832866000000003	1-247	0.06495756999999999
15.050299	1.9208004	1-247	0.07384357
15.492294	2.7742234	1-247	0.07742456
16.144371	2.9852437999999997	1-247	0.078005986
16.489644000000002	2.4220024	1-247	0.06517136
17.093759	1.9475803	1-247	0.06952335
17.215605	1.1649569	1-247	0.07875228999999999
18.162944	1.2183119	1-247	0.07937658
18.779627	1.5384166	1-247	0.067985444
19.640971	2.0433262	1-247	0.069540907
20.657442000000003	0.4567092	1-247	0.07280529
24.62144	0.0	1-247	0.07280529
1.0399402	2.8607208	1-303	0.075637377
3.3671525000000004	1.7194284000000002	1-303	0.07394265
4.318238200000001	1.4826688	1-303	0.07889320999999999
5.177781	1.5389647000000002	1-303	0.08695496
7.367947	2.5429022000000003	1-303	0.0766972
8.723272699999999	1.8806612	1-303	0.05738207000000001
9.3216795	2.0194229999999997	1-303	0.069646947
10.497544999999999	1.1020159	1-303	0.07058656299999999
10.749135	0.23802135	1-303	0.10284952
11.167831	0.8005369499999999	1-303	0.07755034
12.058482	0.19138984	1-303	0.09729244999999999
16.1058458	2.980316	1-303	0.070122187
16.9646744	2.6898766000000003	1-303	0.072632437
17.8630174	3.5132012	1-303	0.08656764
18.2818905	3.0030546000000005	1-303	0.06524203
18.8047446	3.418965	1-303	0.07719529
19.646065999999998	2.9686385	1-303	0.08774845
20.7933257	2.9755607	1-303	0.06835840600000001
21.958369400000002	2.6489722999999996	1-303	0.08322080000000001
22.8440116	2.664004	1-303	0.08553766000000002
23.2891396	3.1590214	1-303	0.077708336
23.6129073	2.1484984	1-303	0.09433574
24.127148	2.4508062	1-303	0.08303933
24.796284999999997	2.4082132	1-303	0.08623111
25.387801	2.1789344	1-303	0.08373601
26.035446999999998	2.3629847	1-303	0.08192303999999999
26.738182000000002	1.4833522	1-303	0.0841533
27.661355	1.4099905	1-303	0.08909871
28.336103	1.12887114	1-303	0.08865247999999999
30.165059	0.23220563	1-303	0.066055087
41.400360000000006	0.0	1-303	0.066055087
9.401628	3.5915646	1-334	0.07899708999999999
10.1771034	2.655653	1-334	0.0933601
10.2438586	3.2336989999999997	1-334	0.08347326000000001
11.1444481	2.0627534	1-334	0.09279947999999999
11.5256928	2.7111330000000002	1-334	0.068585137
12.3782927	2.6906103	1-334	0.07297930999999999
13.2095483	2.061153	1-334	0.09306412
13.6597893	2.9049754	1-334	0.063165
14.226835399999999	1.7063940999999998	1-334	0.08765416
14.495722	2.5402132	1-334	0.09445567
15.125719400000001	2.2213462	1-334	0.07973522
15.4367304	2.2983444	1-334	0.08561707
15.7897014	1.4712296	1-334	0.07499859
16.478484	1.2531908	1-334	0.08394934
16.8973506	1.4841737	1-334	0.070654545
16.912851	1.5105507	1-334	0.07931482000000001
17.948069	1.1852997	1-334	0.08052920999999999
18.639924	0.51253885	1-334	0.07879694
24.919831000000002	0.0	1-334	0.07879694
1.6112271	2.7593845	1-346	0.05764443
3.01412	3.3383184999999997	1-346	0.07037038
4.0070516000000005	3.468335	1-346	0.07318956
4.472969	2.7979982	1-346	0.08130711
5.263082	0.61015923	1-346	0.075757666
5.701314	3.3490208	1-346	0.08163894499999999
5.701314	0.0	1-346	0.08163894499999999
