distance_from_base_(mm)	lateral_root_length_(mm)	order	averaged_diameter_(mm)
0.0	0.7268361	1	0.06704016
0.3534449134	6.355703999999999	1	0.06562096
0.583184	4.8379406000000005	1	0.05564685
0.7068898268	6.995271	1	0.07883693
0.7599065638	8.114126299999999	1	0.06790927599999999
1.1663682142	0.988404	1	0.09139434
1.3254184252	6.813522	1	0.065249302
1.5021408819000002	5.8027050000000004	1	0.0609556
1.6192994	1.1937446999999999	1	0.08402657
1.6797528000000002	2.8919443	1	0.074917153
1.9618395	6.299842	1	0.063881804
2.1639532	0.70903756	1	0.05399954999999999
2.1710008	9.1619086	1	0.064628883
2.3061728	10.474274	1	0.06225205
2.528579	5.885803699999999	1	0.056081990000000005
2.5509793	6.152927999999999	1	0.065791276
2.7355072000000002	1.7269219999999998	1	0.065928
2.7750885	1.714339	1	0.07080998699999999
2.8786107999999997	1.1097255000000001	1	0.059691904999999996
3.262711	7.3212915999999995	1	0.05754685
3.342849	1.163305	1	0.08123073
3.7984666000000002	8.366022	1	0.06504631599999999
4.3766537	5.563356000000001	1	0.0672522
4.4473693	1.9651930000000002	1	0.07240964
4.7674766	10.390255	1	0.06430429
4.9073306	8.4686834	1	0.060529225000000006
5.502637999999999	7.959079999999999	1	0.065643117
5.593089	7.1315247	1	0.063922973
6.3319093	8.283559	1	0.067983535
6.584803	12.021315	1	0.06186271
6.7732584	7.265908	1	0.06273132
6.780702	8.2036614	1	0.054151080000000004
7.277329	7.799171	1	0.06829346
7.5438714	8.615929	1	0.05642894699999999
7.6897912999999996	6.545369599999999	1	0.07325751999999999
7.765249600000001	9.656494	1	0.06729233
7.886642	3.8366145	1	0.07625699
8.505619	4.6049394999999995	1	0.069370316
8.682309	6.6284305	1	0.06815231
8.7920266	5.2545655	1	0.067003174
9.0687144	3.4256735	1	0.077307657
9.1075903	7.999163	1	0.06850295
9.12998	5.991957	1	0.061696465
9.222536999999999	8.4123427	1	0.072538476
9.871548	5.749042599999999	1	0.07958884
9.986528	5.260674	1	0.072153346
10.569206	6.6107119999999995	1	0.071869153
10.591378	3.5008305	1	0.06987972
11.299638999999999	1.3514880000000002	1	0.056833597
11.476424000000002	9.5560086	1	0.054160715000000005
11.658299999999999	9.919683000000001	1	0.076799886
12.026653	1.3927950999999998	1	0.08143890000000001
12.104305	1.7131062	1	0.07292413
12.85587	1.0878998	1	0.0651733
12.860116	2.837797	1	0.0860616
12.956524	1.4914563	1	0.069666454
13.462673	1.3964889999999999	1	0.08729184
13.949180000000002	2.542122	1	0.06333921
14.084924	5.120728	1	0.06151831
14.615064	8.684161	1	0.07128522699999999
15.161865	5.58192	1	0.058038034
15.241556999999998	10.153663	1	0.061873654
15.612335	2.4077506	1	0.065686074
15.713688	8.5910606	1	0.07004716
15.935974	11.644703	1	0.08614185999999999
16.145989	6.5641457	1	0.07474633
16.921648	10.373634000000001	1	0.08837795000000001
16.942092	4.124478	1	0.07476325
18.043137	5.3587407	1	0.06169745
18.185323	6.5529597	1	0.06565960600000001
18.191627	8.144497000000001	1	0.07285608
18.196828	6.6414595	1	0.06524552
18.220927	8.20462	1	0.062776124
18.26874	7.5527560000000005	1	0.07902299
18.624487000000002	13.400912	1	0.07030747000000001
18.752831	1.5154225	1	0.06757134
19.232615	9.7066	1	0.068833334
19.410098	8.096623	1	0.074776337
19.437044	9.9572814	1	0.066614905
20.23075	7.848425	1	0.075103687
20.48173	5.9314670000000005	1	0.069723534
20.48415	10.879605999999999	1	0.06717674
20.707135	10.544442	1	0.06965187
20.880513	4.6766618	1	0.068495837
21.161478	8.905028699999999	1	0.06670886
21.486313	8.161433299999999	1	0.07490548
22.053485	11.389225	1	0.064000646
22.157774	7.0062846	1	0.08852455000000001
22.358162	9.6321267	1	0.07054101
22.822689999999998	8.5256714	1	0.07750367699999999
23.262366999999998	7.484248999999999	1	0.072394228
23.265746	7.221495999999999	1	0.06921842
23.370552	7.774666999999999	1	0.062643327
23.387984999999997	7.532101	1	0.07194033
23.75422	11.224585000000001	1	0.077996673
24.265215	8.404389	1	0.06467424299999999
24.567642	8.426766	1	0.073182643
24.602176999999998	11.600372	1	0.07882164
24.661865	6.761856000000001	1	0.07254719700000001
24.667614	3.1837147	1	0.06855831
24.934554000000002	9.887899	1	0.07192963
25.403723999999997	9.115749600000001	1	0.075366236
25.621107	8.782691400000001	1	0.071029123
25.94166	15.049729999999998	1	0.07303032999999999
25.984319999999997	10.165434	1	0.07391844
26.033487	9.663207	1	0.072393077
26.169074000000002	10.934114	1	0.071395035
26.190345	9.2649037	1	0.07066041
27.036703000000003	10.322925999999999	1	0.06919028699999999
27.183714000000002	4.906093	1	0.07279924
27.332969	10.305386	1	0.06436599
28.02939	7.474691999999999	1	0.06573261
28.099382	9.8403203	1	0.077178786
28.277323000000003	10.90439	1	0.07272043
28.404609999999998	10.134327	1	0.063412385
28.926613	9.8049533	1	0.068190433
28.966656	11.161778	1	0.07111458999999999
29.053643	7.6824516	1	0.06070295
29.302744999999998	9.736844300000001	1	0.08384383000000001
29.478102	6.305345999999999	1	0.069602774
29.693348	9.034991999999999	1	0.07147584
29.71335	10.664203	1	0.07650981999999999
29.721220000000002	14.133677	1	0.069190245
29.803288000000002	10.009557000000001	1	0.07083998
30.167212	8.6913073	1	0.070920065
30.403438	6.224869	1	0.07617952
30.66119	11.540109000000001	1	0.071451114
30.721284999999998	6.6015809999999995	1	0.07257027
30.892072000000002	7.0637167000000005	1	0.07662132399999999
30.93499	7.958056300000001	1	0.07547981
31.272075	17.174474	1	0.071035926
31.274502000000002	8.234735	1	0.07546428
32.010849	13.473550000000001	1	0.06953738999999999
32.25153	12.03476	1	0.074425107
32.260813999999996	11.82193	1	0.07443355
32.385252	10.675964	1	0.086078085
32.703767	3.7346476	1	0.08988925
33.097992	7.1828693	1	0.066914824
33.395555	11.533581	1	0.069356547
33.5033	10.266494	1	0.08390636
33.904614	11.035075	1	0.06825798999999999
33.981853	7.8668034	1	0.075497623
34.340227	4.0512809999999995	1	0.08370068
34.371312	7.534369	1	0.064770137
34.769478	9.2038673	1	0.077620735
34.84279	4.9154088	1	0.06764593
34.975277999999996	10.666027	1	0.0763775
35.520537000000004	4.0624604	1	0.066572363
35.6451	10.597161	1	0.08159902
35.822616	10.281789999999999	1	0.070976866
35.9134	11.315631	1	0.08208531999999999
36.400356	10.904447	1	0.07570223400000001
36.608112	9.420663000000001	1	0.08652689
36.619852	11.323348	1	0.07268382000000001
36.631305	9.493780000000001	1	0.07569636
36.835716	12.262960999999999	1	0.06807321699999999
37.119257000000005	3.1114273999999997	1	0.08220636
37.45769	7.607989	1	0.07852693000000001
37.709758	10.070599	1	0.07732881
37.757437	8.2500046	1	0.07582302
38.152995000000004	11.428206000000001	1	0.0814812
38.218129	4.0157300000000005	1	0.0633788
38.52872	7.228653400000001	1	0.077798176
38.700540000000004	4.3207452	1	0.07163789000000001
38.829622	5.3265649999999996	1	0.07811512300000001
38.944001	10.728532	1	0.067306478
39.132526	10.148588	1	0.075856885
39.549427	4.4617733	1	0.090591945
39.626397999999995	10.809652999999999	1	0.08109715
39.85615	18.2967673	1	0.07388424559006998
39.986763	8.766199	1	0.069197416
40.373054	8.9141726	1	0.08355691999999999
40.62236	19.561999	1	0.07423775710624936
40.710516	8.1761616	1	0.08225232
40.764275000000005	10.788454999999999	1	0.07138978
41.024865999999996	8.965098000000001	1	0.07641844
41.57282000000001	13.9293715	1	0.07383234797977174
41.58317	8.413491	1	0.070411097
41.6198	10.109053	1	0.07236788499999999
41.940355	8.872531	1	0.06776618
42.23966	11.8392813	1	0.0621425291944029
42.499770000000005	5.208206	1	0.08286642
42.531037	12.5990173	1	0.07865396250715229
42.560050000000004	5.503283	1	0.08093378
43.014469999999996	9.5670795	1	0.06632533
43.089476	7.7342569999999995	1	0.075620576
43.36182	9.702449399999999	1	0.068670115
43.50044	7.8070784	1	0.073841643
43.658547	12.7718036	1	0.0860495761236993
43.924383999999996	8.6302	1	0.06880543
44.18853300000001	13.2871357	1	0.07452979932609673
44.43320800000001	9.456133	1	0.07534057999999999
44.492316	14.3766023	1	0.08032357417447605
44.772572999999994	1.6273615	1	0.0708863
45.030365	8.236107	1	0.077398065
45.29806	6.6422766	1	0.068092877
45.573936	9.773076	1	0.07489657499999999
45.72824	7.682035000000001	1	0.07794911
46.16219	6.265322599999999	1	0.06527490999999999
46.200559999999996	8.792596	1	0.07616717
46.879287	6.941539	1	0.074284244
47.026896	5.9922785	1	0.08204591
47.102113	1.8666135000000001	1	0.06599234
47.38086	8.924582	1	0.08134337999999999
47.787293999999996	10.088071999999999	1	0.08610581
47.907039999999995	5.9238297	1	0.09748364000000001
48.305187	9.2957574	1	0.07757570600000001
48.322472999999995	4.8197433	1	0.08895074
48.449078	9.4633347	1	0.08839776
49.071045	10.009607	1	0.069780336
49.124045	9.9440074	1	0.07304948
49.277205	8.2953674	1	0.07563692
49.49345	8.85563	1	0.073399716
50.0058	7.6688160000000005	1	0.09015535999999999
50.198836	8.5797244	1	0.077678463
50.906434000000004	6.888626	1	0.09091653
51.048140000000004	4.8437664	1	0.08026645
51.195493	7.21077	1	0.075337426
51.236525	6.024284	1	0.07504388
51.536837000000006	7.541148	1	0.076411273
51.708865	6.075609	1	0.08326856
51.937293999999994	5.809003000000001	1	0.08069265
52.058964	8.628801000000001	1	0.08395467000000001
52.466846000000004	5.7787489999999995	1	0.08571261999999999
52.58500599999999	5.535247	1	0.063618193
53.19784	8.430083400000001	1	0.08765251
53.571996999999996	5.356439	1	0.11199376
54.403763	7.522927	1	0.09029802
54.50845	6.942769	1	0.0765224
54.99822	2.5420865	1	0.10468899000000001
55.382400000000004	1.8945724	1	0.056471885
55.43986	4.100786	1	0.09389045
55.488048	2.7897385000000003	1	0.11007126
56.41507	0.7087208	1	0.09854589
56.41737	3.0417165	1	0.09033321
56.450343	4.7847548	1	0.09444783999999999
57.599999999999994	0.9057816000000001	1	0.08583883
57.599999999999994	1.4363421	1	0.08833906000000001
57.599999999999994	3.225898	1	0.09020171
58.004568545000005	6.9774806	1	0.073905922
58.24356857170001	8.007954400000001	1	0.067853476
58.258506073300005	7.740835000000001	1	0.06963342
58.49750610000001	8.6880404	1	0.08824021
58.59696170000001	7.781382	1	0.07871057000000001
58.85230370000001	8.1303316	1	0.08424211
58.85912460000001	5.530549000000001	1	0.08789409999999999
59.051115300000006	6.489883	1	0.09047969
59.70054170000001	8.208444	1	0.08991311
59.9920753	6.836953	1	0.07911407000000001
60.51452330000001	8.500405	1	0.09344063
60.62536500000001	7.233212999999999	1	0.07451603999999999
60.87797900000001	8.8359886	1	0.08619162
61.193021800000004	6.552926	1	0.08291306999999999
61.21359340000001	5.721933	1	0.07574080999999999
61.333571000000006	7.4721720000000005	1	0.07222952
61.38877060000001	9.320257	1	0.09120881
61.69928540000001	7.5367856	1	0.10062436
62.00731150000001	6.5127440000000005	1	0.08693348000000001
62.38426080000001	7.529047	1	0.069070957
62.446483300000004	7.5477105	1	0.076205153
63.01474100000001	7.2704834	1	0.08444681000000001
63.688584000000006	8.201615	1	0.08224014
63.70758850000001	8.004686	1	0.07834916
63.93095040000001	6.572892	1	0.07708138
64.12557740000001	6.8278944	1	0.077804206
64.245095	6.557933	1	0.07397937
64.56781000000001	3.951205	1	0.08933166
64.64990700000001	6.3767195	1	0.07278535
65.061885	6.272015	1	0.07461714
65.5568095	8.364585	1	0.08741335
65.6235906	7.7719439999999995	1	0.07775999
65.782425	6.876018	1	0.074801063
66.45364000000001	7.835857000000001	1	0.07819411999999999
66.51978930000001	6.9511265	1	0.07638940599999999
67.4382564	7.909817	1	0.07118636
67.64182100000001	7.476848	1	0.075491243
67.75551800000001	6.651393	1	0.07431594700000001
67.876283	6.933275500000001	1	0.075809434
68.225238	7.130798	1	0.06966762700000001
68.504998	6.011196	1	0.076970756
68.510664	3.3844617	1	0.08701281999999999
68.516086	7.6637393	1	0.08048454
68.516889	4.8970908	1	0.070040035
68.677158	6.367431	1	0.076159057
69.500308	21.605265	1	0.12992638
70.098588	7.0400220000000004	1	0.07928655999999999
70.098588	7.2806619999999995	1	0.08648922
70.21163600000001	6.8167347	1	0.08626692
70.310698	7.650620999999999	1	0.07605826
70.48162300000001	7.9274124	1	0.08716095
70.51669100000001	5.639710999999999	1	0.067355344
70.522214	7.1566399999999994	1	0.09136976999999999
70.916882	6.8672293	1	0.083661415
71.245525	5.6565840000000005	1	0.09541385
71.247708	6.8673150000000005	1	0.058130435999999994
71.651612	7.318809	1	0.08688304000000001
71.72996800000001	7.7805316	1	0.083087105
72.2518	7.03936	1	0.07351535000000001
72.26634700000001	7.175091	1	0.07937770999999999
72.51026800000001	7.5087583	1	0.07147793000000001
72.55908600000001	7.3891973	1	0.09135224
72.778468	7.1386904	1	0.08086833
72.829316	7.645600999999999	1	0.07837634499999999
73.38191800000001	6.6840154	1	0.070947786
73.42333400000001	7.261214000000001	1	0.07963937000000001
73.773595	7.116165	1	0.09059139000000001
74.36563900000002	8.870503	1	0.07034854
74.37786200000001	6.466429	1	0.08697246
74.567294	4.2632335	1	0.06516768
75.458893	7.0433646	1	0.08728230000000001
75.55826200000001	5.794253	1	0.067119864
75.754221	8.6017096	1	0.08332084000000001
76.11329900000001	7.8508	1	0.08527134
76.238911	7.306491	1	0.076106815
76.29992200000001	3.8063067	1	0.072005927
77.03955300000001	9.0200186	1	0.09503645999999999
77.426074	6.893120000000001	1	0.08400361
77.813601	8.546878999999999	1	0.08135783
78.15437800000001	7.482685	1	0.07305106
78.25965400000001	4.990426	1	0.07031846
78.353014	6.851247000000001	1	0.08062438999999999
78.61933	7.902076999999999	1	0.07557459
79.256281	8.0300784	1	0.07808211699999999
79.541278	7.530888300000001	1	0.0773693
80.03853600000001	7.6464986999999995	1	0.07825789999999999
80.088216	8.279906500000001	1	0.08810247
80.31476	8.969774000000001	1	0.079436945
80.715686	6.615022000000001	1	0.072938353
81.086549	8.5372776	1	0.076755164
81.488123	7.0706487	1	0.08631358
81.602621	7.262980300000001	1	0.08956911
81.832244	7.218005	1	0.08147379999999999
82.307066	7.348755000000001	1	0.07222264
82.70778100000001	7.6358485	1	0.07431042
82.921807	8.8183594	1	0.08532864
83.06356600000001	5.771958000000001	1	0.071451766
83.155894	5.948256	1	0.071934913
83.436114	7.867598	1	0.08225881500000001
83.489406	6.8541739999999995	1	0.078116367
83.76557600000001	7.443973000000001	1	0.06990681
84.203744	8.220962	1	0.08330051
84.21924100000001	6.567525	1	0.08018759
84.34525500000001	5.0585645	1	0.07299242
84.455363	8.332086	1	0.08553701
84.961865	7.098282	1	0.07434298
85.117196	6.1203486	1	0.08711091000000001
85.58422800000001	6.44648	1	0.08414859999999999
85.699873	7.076090600000001	1	0.07023535
86.090648	6.447381399999999	1	0.08338301
86.181728	6.3439155000000005	1	0.07713344999999999
86.503916	5.975068	1	0.073976396
86.87096100000001	6.1350834	1	0.09646038500000001
86.877024	4.750527	1	0.08679322
86.986434	7.139311	1	0.08768463500000001
87.439963	5.569316	1	0.08029618000000001
87.88432800000001	6.8293107	1	0.07956492000000001
88.256764	6.367186	1	0.0799646
88.256764	5.2684940000000005	1	0.06607584
88.917257	4.8392054	1	0.07955149
88.970279	4.4488254	1	0.075464356
89.42022300000001	4.4506583	1	0.09248067
89.44073900000001	3.092358	1	0.061195972
89.522447	5.820924600000001	1	0.07959414999999999
90.048201	7.1952355	1	0.08666109
90.185272	5.926091700000001	1	0.08517316999999999
90.30389000000001	4.0400943	1	0.073353034
90.746196	5.1714	1	0.06679207599999999
90.92747600000001	6.1003490000000005	1	0.07866721
91.25228469570001	2.7653238	1	0.076983627
91.308212	5.225028	1	0.08108082000000001
91.6956906087	1.505246	1	0.079522105
91.75104469570002	6.6011715	1	0.08409130000000001
92.13852330430001	2.8103966000000002	1	0.08840819
92.581356	1.7998254	1	0.069015324
92.6588478943	7.6057285	1	0.08646173
92.7750857358	6.144829400000001	1	0.08216462000000001
93.081356	5.1394683	1	0.074135456
93.0947398	5.8632463	1	0.076304255
93.1305527	7.215918	1	0.08166145
93.3849491	6.286446999999999	1	0.068623098
93.9953945	7.063408	1	0.07144582
94.2511236	6.0642403	1	0.08060318
94.322382	6.2655324	1	0.07224909
94.5930543	6.716669	1	0.071379975
95.0546713	5.7842547	1	0.08376884
95.055551	7.319645	1	0.07184961299999999
95.4449303	6.581856	1	0.07964001
95.5914204	6.565384	1	0.08023182000000001
96.0628848	6.146492	1	0.07973711
96.3231687	6.873830600000001	1	0.06964552
96.8830667	6.932452	1	0.08101206999999999
97.166946	6.6714334	1	0.06594074999999999
97.1713696	5.687587	1	0.073302314
97.831001	6.591951	1	0.066707237
98.0102	6.581571	1	0.073735705
98.0509405	6.8273280000000005	1	0.08563549000000001
98.056445	6.960147599999999	1	0.09010459999999999
98.746437	6.6917354	1	0.08196036000000001
98.8421134	6.536835	1	0.07513121
99.084361	6.584371	1	0.08057692999999999
99.639465	5.8160055	1	0.08396943000000001
100.0292025	5.534905	1	0.07367188
100.2904145	7.08557	1	0.07805094
101.0094534	4.9981308	1	0.07316262
101.6967295	7.051183600000001	1	0.07543981
101.750202	8.5194814	1	0.08417229999999999
102.042423	6.317597	1	0.07871422
102.302389	7.4595535	1	0.08565045
102.911253	3.738584	1	0.077485354
103.274365	6.950405	1	0.07816735
103.746166	6.970604700000001	1	0.073391083
104.00209	6.6191095	1	0.08049498000000001
104.082889	2.1790275	1	0.06808428600000001
104.395645	6.0329604	1	0.09566615
105.026641	6.844373	1	0.073012034
105.047458	5.489537	1	0.06992141
105.47867	6.1278239999999995	1	0.08458848999999999
105.587019	4.1229743	1	0.09067794000000001
105.993939	7.3028725	1	0.07807357
106.500313	7.4470305	1	0.070932144
106.628559	7.0952519999999994	1	0.08137171
107.151891	5.1719934	1	0.06817112
107.30011	7.121284599999999	1	0.07180549
107.35220699999999	7.4008036	1	0.057589060000000004
107.657361	6.8365186	1	0.072926297
107.672929	7.039984500000001	1	0.08480178999999999
107.974709	6.126366	1	0.09238397000000001
108.694931	6.49934	1	0.068744817
109.035113	6.743305	1	0.073905103
109.120175	6.787453	1	0.081373695
109.54907	6.455038	1	0.09127802000000002
109.70676900000001	4.8154965	1	0.06915964999999999
109.763893	3.0206266	1	0.05252264399999999
110.360567	6.7475855	1	0.07268433
110.549031	6.4272773	1	0.06850139
110.856562	6.186628	1	0.07696809
111.72008199999999	5.785975	1	0.076294956
111.811283	5.71781	1	0.07081290700000001
111.87377599999999	5.587734600000001	1	0.09424752
111.884629	5.947773	1	0.070336545
112.065095	4.2444256000000005	1	0.06517405000000001
112.253037	5.5020033999999995	1	0.08725044
112.71887100000001	6.068588	1	0.08307465
113.53654	6.3759035	1	0.08689397
113.786996	5.515441	1	0.08273153999999999
114.235788	6.191639	1	0.075708916
114.238909	1.3948095	1	0.065271254
114.325943	5.770284500000001	1	0.071797334
114.472696	4.412823599999999	1	0.06927989
114.541455	4.433093	1	0.08222994
115.499964	5.5342513	1	0.08026272
115.628603	6.1296930000000005	1	0.08484650999999999
116.060563	5.8460844000000005	1	0.09019199
116.728833	5.658119	1	0.07781467
116.969762	5.944502	1	0.08275252
117.41679500000001	5.806960500000001	1	0.08540252
118.313339	3.0512172	1	0.08074076
118.965173	4.785418	1	0.0874828
119.38904099999999	5.4506177000000005	1	0.08805551
119.790476	3.3230597	1	0.09640072499999999
119.90105199999999	4.3287298000000005	1	0.07953281499999999
120.315218	5.0487459999999995	1	0.08646245
121.000426	4.496323	1	0.09147392000000001
121.635646	2.9795188	1	0.08017823
122.266531	2.6558086	1	0.062973215
122.52323899999999	2.03736	1	0.08781987
122.57324700000001	1.7573269999999999	1	0.066243946
122.66683599999999	1.0928211	1	0.0809608
122.841235	3.0243543	1	0.06693776
122.95282399999999	1.4032398	1	0.06222151000000001
123.157126	1.4984397999999999	1	0.07928605999999999
123.509146	2.848107	1	0.08409738
123.549209	1.2397319	1	0.08558874
123.857816	1.6626786	1	0.07876098
124.52058099999999	1.1561745399999999	1	0.09506977
124.716549	1.03782125	1	0.060872077
125.204003	1.2622495	1	0.08220705
125.409272	1.0485628	1	0.076691066
125.54106	1.4234844	1	0.09488972
125.99004099999999	0.31163653	1	0.12223838000000001
126.221648	1.0785218	1	0.08049279
126.356246	0.7817918	1	0.077524106
167.991018	0.0	1	0.4459686379554245
7.280787	2.5910539999999997	1-284	0.055940123
8.587896	0.95453344	1-284	0.06804248
9.0635026	1.2688187000000002	1-284	0.07687195
9.454481999999999	1.4309672	1-284	0.055471950000000006
10.677126999999999	0.61507136	1-284	0.08270682
6.367431	0.0	1-284	0.08270682
